0.466740 0.193521
-0.177924 -1.889884
0.134192 1.218079
2.055902 0.223757
0.427765 1.313870
-1.810414 -1.557821
-0.903985 0.430712
-0.145961 0.545669
-0.085665 0.521844
-0.050936 0.855800
-0.202517 0.479874
0.965344 0.492532
-0.813253 -0.365324
1.049081 1.733225
-0.859716 -0.273863
-0.801282 0.083441
-0.133928 1.123978
0.643058 -1.070623
0.901245 -0.207413
0.438890 0.331035
-0.643311 -0.314197
0.512067 -0.027348
0.723487 0.502932
-0.989303 0.673959
-1.106929 1.840971
-1.187548 1.406821
-0.593403 1.462410
-1.213654 -1.856358
0.353950 0.047498
-0.320688 0.172246
-0.296263 0.628903
0.906571 0.555009
-1.754557 1.415408
0.238576 -0.363092
-1.866831 -1.204823
-2.206688 -0.655463
1.287282 -0.814957
-0.600056 -1.147481
-1.917442 1.143590
-0.406690 -0.642879
1.573018 -1.049047
-1.160779 -0.842963
-0.221942 -1.212515
0.207686 -0.054591
0.421805 -1.763707
0.547452 1.717732
-0.280501 0.085024
-1.119513 2.757984
0.299817 2.506614
-0.171498 0.622234
0.626806 -0.201829
-0.781308 0.149331
-0.761631 0.882502
-1.135690 0.382372
-1.383454 -0.389582
-0.445581 1.302416
1.055555 0.514890
1.101435 0.300614
0.864133 -1.813581
0.863771 2.060453
-0.030444 1.020094
-0.669946 -0.486476
-0.475722 0.864937
-0.370371 -1.348238
-0.687979 -1.006807
1.370729 1.650260
1.217154 -0.731385
1.304386 -0.562918
-1.281696 -0.190040
0.318479 1.691713
-0.447704 0.818803
-0.215809 -0.271167
-1.408503 -0.314696
-1.064910 -1.228377
1.525684 -0.464952
-1.199200 -0.231820
1.245127 -1.580878
1.186358 -1.339032
0.721675 -1.087501
1.326113 -0.011177
0.723391 -0.454796
-0.475304 2.444324
-1.519122 0.093753
0.227059 -1.723798
1.461079 0.141363
0.867597 0.108677
-1.264326 0.863490
-2.328211 2.042248
0.825328 0.190533
0.797512 -0.419887
1.002867 -0.054968
-2.568193 0.078176
0.940188 1.418358
-0.230299 0.784513
1.119898 1.398605
1.507854 -0.870289
0.850494 -0.621210
1.664922 0.044156
0.513711 0.931562
0.452780 0.653214
0.186982 -1.260360
-0.495819 0.174840
0.826367 -1.045359
-0.050606 0.836999
1.299492 2.062483
-1.065878 0.026230
-0.045242 1.501455
0.327934 1.195276
1.043737 0.351764
0.574684 1.494902
-0.033956 -0.481308
0.509883 -0.425424
-0.934330 0.715379
-1.302095 -0.952045
-1.445281 1.502184
-0.081889 0.629549
-0.959647 -0.309624
-0.908990 -1.802471
1.527499 -1.268244
-0.070702 0.908986
0.214993 0.715269
-0.302579 -1.180070
-1.249345 -0.994057
0.479617 0.053940
1.028288 -0.092845
0.172643 2.470646
-0.076753 1.346557
-0.474558 0.725663
0.617218 -1.182508
-0.207119 -0.424053
-0.302938 -1.399473
1.358431 1.564194
0.213719 0.896831
0.714002 -1.058064
-1.892287 -0.632255
0.482777 0.194866
-0.336638 1.031916
-0.117176 0.840544
-0.301274 -0.961322
-0.253268 -0.350113
0.341835 -0.255919
0.452010 0.349641
0.684558 1.351778
-0.116181 1.095292
1.400112 -0.520935
0.466430 0.046604
0.005171 -0.349745
1.243671 -0.992530
0.066784 -0.544005
0.887123 0.703013
-0.909176 0.928179
-0.929202 1.461994
0.651989 -0.223803
-1.668344 1.132015
0.524763 -0.694786
-1.380063 0.164469
-1.286489 -0.708823
-0.544396 0.323068
0.491131 -0.774516
-0.127729 0.654048
0.848205 -1.532072
0.555044 1.556651
0.194193 1.300908
-0.516227 -0.848566
2.108556 0.831199
-1.313973 -0.401013
1.961333 -0.112746
0.269865 1.737888
0.666061 -0.164911
-0.025869 -0.103053
-0.973281 -0.066190
0.260830 1.785064
0.169713 0.992765
-0.819957 -0.153858
2.935920 1.334629
-1.260396 1.148426
0.965116 0.121903
0.104037 0.061506
0.236443 0.850257
0.290476 0.302349
0.285003 -0.970902
-2.088176 -0.748964
-0.080893 0.519630
-0.151931 -1.017235
1.618646 2.506163
0.381424 -1.084770
0.818093 -0.240963
0.651698 0.101214
-0.159109 -0.304242
-0.028111 0.953442
-0.251557 -1.595925
0.001204 -0.195785
-0.600441 0.672530
-0.466982 0.449544
-0.778296 -1.521431
-1.014872 -0.233331
-1.156366 1.593750
1.293407 -0.230306
1.152937 -0.463048
-2.150108 0.939701
1.536926 0.046863
-0.026134 0.463259
-0.570603 0.802752
2.318274 -0.704064
0.355630 0.638807
-1.479049 -0.845455
0.765472 -0.631534
-1.303016 1.705164
-0.673197 0.534332
1.106151 -1.313324
-0.895974 -1.018649
-0.066848 1.746129
0.198668 -1.554572
0.273326 0.170011
-0.490188 -0.757036
-0.593010 -0.640339
-1.055860 -0.220876
1.266025 0.439368
-0.626642 -0.901628
-0.610836 -0.359784
-0.695468 0.550980
0.187318 -0.077642
0.645612 0.103654
0.913251 -0.172690
0.501807 -1.305682
0.306709 0.619859
0.181486 0.362524
-0.206413 1.529354
1.287969 -0.379885
0.108139 -0.252009
-1.548578 -0.244242
-1.128797 -1.087882
-1.544081 0.296709
-1.449123 2.438895
-0.736377 0.341545
1.303825 0.717315
-1.820289 0.017418
-1.734549 0.298577
0.752628 -0.269620
0.992274 -0.411582
-1.571699 -0.096484
0.909245 -1.254434
2.065046 -1.390549
0.940632 1.166252
0.619714 -2.052601
0.017644 -0.477811
0.044723 -0.680668
-0.425900 -0.322248
0.871547 -0.322699
0.375222 0.570036
-0.782641 1.187259
1.298409 -0.671903
1.539497 0.256253
1.268725 0.299132
-2.821213 -1.525666
-2.216873 -1.759424
0.187815 1.285962
-0.380588 -0.457616
0.937033 -0.382916
-1.712277 0.487345
-0.204676 0.260560
0.074340 -0.779748
-0.618323 -0.619718
0.577058 0.563268
-0.296397 0.770384
-2.076093 -0.097015
0.281655 0.118276
-0.866234 0.038877
0.274388 -1.749734
1.343103 -0.431866
0.024889 0.995516
1.093667 -1.967427
-1.762201 1.628607
-1.304719 1.322013
0.143201 -0.650570
-1.644292 -0.558531
0.817399 0.331755
-1.571125 -1.658596
-0.654582 -0.536170
1.425684 -1.201015
-0.388462 -0.194501
0.477073 -0.487345
0.206511 0.696900
1.467417 -1.287547
-0.475053 -0.952551
0.326860 -2.549267
2.080060 0.437957
-1.824245 1.577969
0.488240 0.180934
1.191447 -1.093121
0.059086 0.374921
1.951498 -0.757873
-0.016062 0.658877
-2.006296 1.927338
0.866764 0.477555
1.192742 0.095315
0.152727 1.481623
-0.697351 2.005739
0.016349 0.636510
-0.303764 -0.741322
0.275848 -0.392321
-0.117752 -1.548887
1.031360 0.815477
0.726706 -1.409031
-0.738623 -1.590642
1.041334 0.018396
0.401867 -0.518540
-0.115350 -0.693187
-1.037526 0.006396
-0.375200 -0.938956
-1.448665 -0.652892
-0.599191 -0.020500
-1.504963 0.060265
0.505533 -1.960475
1.035423 -0.426702
-0.917600 1.003937
-0.788593 0.233615
0.979732 -1.302565
0.356421 1.164520
-0.530634 -0.774442
0.148709 -0.387570
1.755715 -0.389801
-0.654489 -0.053142
1.301442 0.920288
-0.119904 0.002638
-0.028441 1.417875
0.576985 0.987327
-0.513569 0.578529
0.265699 0.293283
0.484442 -1.875170
-0.259023 1.555305
-0.463484 1.469371
0.795254 0.525441
-0.511989 -1.723980
-1.518373 -2.025532
-2.012171 2.629444
-0.857883 -1.436567
0.107600 -1.165884
-0.211994 1.041280
0.241904 -0.220209
0.204282 0.412195
0.258383 -1.569853
0.555569 0.352932
-2.219063 -1.175265
0.377702 0.700862
0.347318 -2.031708
0.446187 2.257900
0.578117 1.597087
-1.064647 1.797725
0.135148 -2.347116
2.264454 0.025330
1.892083 -0.023182
0.143954 -2.058365
-0.685163 0.333414
0.435740 -0.062727
-0.776010 0.900108
-1.604753 -0.490356
-0.013475 0.322462
1.366547 -1.379337
0.266688 0.520315
2.250374 -0.125242
-0.124188 0.353222
-0.047142 -1.288197
-0.574744 -1.276726
0.125066 -0.684667
-0.082427 0.190048
1.393975 0.254289
1.390212 -1.552510
1.623888 -0.421399
0.506033 1.085430
-2.759951 -0.090813
0.537954 0.238898
-0.029381 -1.281215
-1.814596 -2.849855
-0.772636 1.559448
0.600065 -0.650994
0.012712 -0.212340
-1.621122 -1.033137
0.754956 1.296111
0.918476 0.610222
0.174407 -1.567611
-1.105542 -0.031910
-2.191545 -0.744700
0.946959 -0.570212
0.465922 -0.468233
-0.549487 0.301870
1.562733 1.067612
-0.935245 0.995982
-1.566042 0.819721
-0.044688 -1.480287
0.113637 0.016151
-0.307392 -1.590791
-0.836210 -1.719064
0.617230 0.218001
-0.964709 0.933610
-0.487865 -0.250763
1.515183 -1.739047
-0.536514 1.283366
-1.075972 1.430802
0.946000 -1.196031
0.695366 1.486862
0.771918 0.250169
-0.212809 -1.158609
-0.957939 1.024080
1.401087 1.985121
0.575304 -0.864673
1.224205 -0.270825
-0.837822 0.027976
1.473408 0.201682
-1.048212 -0.679606
-0.970668 1.579168
0.877669 0.284660
0.419867 1.154742
0.052954 -0.061061
-0.429353 -1.139515
0.987257 0.829178
0.509860 1.563962
0.561376 1.161247
-1.476738 -0.146822
-0.594958 1.107533
-1.236950 0.059589
-0.502403 0.911943
-1.261697 -2.586643
-0.286584 -2.054336
-1.295777 1.550372
0.181851 1.000814
0.310415 0.765986
0.428750 0.214801
-1.451780 -0.287694
0.935168 0.079455
1.215663 1.041011
-0.392687 0.687233
-1.526921 -1.194934
-0.429291 -0.695994
-0.045623 -1.178056
-0.148029 -1.755516
-0.152072 -1.151767
0.622260 -0.246246
-0.396262 0.233371
0.114804 0.815821
1.144728 -1.017747
-0.229058 1.793090
-1.127313 -0.913956
0.888523 -0.534454
1.036625 -0.423755
1.163249 -1.415115
-0.477302 -0.633220
-0.281320 1.363631
-1.209196 -1.219298
1.167293 -0.550049
1.292644 -0.636186
1.705593 -1.608953
-1.618720 -1.007297
0.658848 -2.279148
0.732307 1.702490
0.411201 -0.578246
0.507680 1.198087
0.099657 0.650303
-0.186260 -0.182650
-0.895067 -2.130130
-1.062402 1.548365
-0.175597 -0.225738
-0.301729 1.196880
0.604001 -1.719956
-0.995774 -0.666655
0.413297 0.896050
-0.155674 -0.937597
-1.473077 -0.730247
0.399823 -2.060897
0.151578 0.754240
0.094949 -0.087953
-0.337861 -0.309823
-0.671061 0.174520
0.100659 -0.458038
0.829708 0.580853
-1.047703 -0.226504
-0.537851 1.515708
-1.802822 0.813352
-0.791278 0.253478
0.671994 0.274071
-0.730262 -0.764469
0.239943 0.018076
1.061357 -0.714572
-0.309681 -0.207820
1.018143 -1.049150
0.285428 0.767103
0.689569 -0.372288
-0.194381 -0.061616
0.475114 -1.084142
-0.792270 -0.340158
0.425264 -0.548075
1.982470 0.779855
-0.628581 -0.852381
-1.717171 -0.540825
0.230670 -0.209023
-0.656770 0.298080
1.504278 -2.170377
0.552163 -0.583492
-1.799841 0.265082
-0.358554 1.191866
1.301255 2.233018
-1.459862 0.216979
-1.208532 1.808815
0.382899 0.823284
0.215360 -0.911829
0.587194 -1.057521
-0.221479 1.411706
-1.724899 0.328503
-1.482538 -0.640014
0.190611 -1.085382
0.449554 1.031174
1.122952 0.038167
0.470066 0.814691
-2.733933 -1.035259
-0.112293 0.438125
1.311834 -0.196852
-0.030148 -0.946650
0.762874 -0.912886
0.440283 0.232685
-1.240390 -0.646300
0.144785 -0.182682
0.889962 -0.401763
0.720518 0.597402
-0.550702 0.661030
0.230467 1.415375
-0.331582 -0.595572
-0.110743 -1.558695
-1.644434 1.273521
-0.105468 0.947620
-0.836063 0.890169
0.122727 0.398750
-1.317116 -0.981157
0.538708 0.377950
1.345339 1.344591
0.112649 0.745320
-0.899639 1.140471
-0.112489 -0.810235
1.825580 -0.040505
-0.966434 -0.283242
1.006697 1.060987
-0.224624 -0.212467
-1.164564 0.767215
0.785267 0.895004
-0.463495 1.067134
1.304268 1.800606
0.634429 1.538053
2.730360 0.097491
-0.443887 0.750092
0.291150 -0.031555
-0.254324 1.152022
-1.275790 1.328181
0.715930 -1.225258
0.179152 0.151160
-0.225243 -0.332722
0.924287 0.199438
2.625703 -0.378742
-1.176696 0.729058
-0.056928 0.035887
-0.481240 1.647524
2.256551 0.947530
-0.439595 -0.577430
-0.534802 2.256063
-0.639784 0.479198
0.264896 1.381451
-0.074967 0.918563
-1.452493 0.130501
-1.602081 0.374612
-1.146758 -1.941949
-1.279754 -0.400407
0.125414 0.725816
0.567281 0.887225
-0.893120 0.178422
0.865450 0.244067
-0.700214 -1.166357
-0.000523 0.797851
-0.961593 0.159955
-0.329701 0.910391
0.286569 -0.701563
-0.055189 -0.622234
1.343940 -0.046547
2.122535 -0.091760
0.107219 -1.839434
-2.342137 0.178999
0.473234 1.173830
0.263392 2.352669
1.215606 -0.524420
0.401954 -1.206448
0.608293 -0.355120
1.057055 1.381437
-0.224079 1.033762
0.134600 -1.550533
1.350929 -1.265350
0.025821 -0.328671
-1.162875 1.911285
-1.062889 -0.084918
1.018901 0.437257
0.479574 0.382109
-0.940026 0.204636
0.050677 -0.813757
0.169134 0.276310
-1.350620 1.185975
-0.467243 0.926841
-1.078525 0.528112
-0.368721 -0.401584
-1.292292 -0.151691
-0.166069 -0.406509
-2.756669 0.364812
1.809977 -1.456531
0.760701 1.120409
1.213207 -0.954132
-1.073303 1.177114
1.923464 0.703085
-0.127461 0.444206
-0.523933 -0.133096
-1.823155 1.896157
-1.344740 -1.309189
-0.190666 1.487443
-1.389515 -0.504970
-2.536322 0.892850
1.332449 -0.979821
0.196122 1.068871
-1.152140 1.050291
-0.654183 1.730382
-1.033221 -2.008669
-0.167375 -0.276522
-0.855753 -1.842313
-0.044404 1.301096
-0.346164 -1.527562
0.421871 -0.316419
0.340741 -0.760834
0.694219 0.434160
0.905755 0.596473
0.031628 -1.161675
-0.277498 0.048606
-0.555225 2.207496
-1.565342 -0.730290
0.835207 -2.708360
-0.704625 0.439099
0.418628 -0.660186
-1.663089 0.490608
-0.594101 -0.190200
0.672646 -0.675224
-1.953199 1.094597
-0.288700 1.656004
1.119719 0.415975
-1.160541 -0.300146
-0.622681 -0.056010
-0.249735 -0.348767
-0.343857 0.190409
-0.990384 0.535781
-0.723714 0.957596
0.647821 0.885183
-0.201220 -1.386732
-0.784393 -0.369359
-0.460905 -1.178647
0.362995 -0.673437
-1.094789 -0.322872
-0.533678 -0.787603
2.422966 -0.236434
0.332632 -0.308558
-0.075550 0.562803
-0.950237 0.231287
0.314289 -0.326193
-0.861416 -0.223804
0.868321 0.862659
1.289638 -0.323581
-1.598644 0.564887
0.705167 -0.588308
-0.830241 0.823374
0.174273 -0.478875
-0.728401 0.744228
0.622820 -0.738929
0.238418 -0.328117
-0.557408 0.199398
0.466935 -0.604701
1.837243 -0.246620
0.109503 0.681793
0.270944 1.283739
0.092798 1.041175
0.077670 0.276920
-0.833110 0.387627
-0.607505 0.792718
-0.667368 -1.659912
0.389039 0.437005
-0.928991 0.060405
-0.858797 0.412097
0.822891 -0.997623
1.244525 -1.979334
-0.085544 1.717892
1.806227 1.849629
-0.074609 0.790272
-0.767305 1.792638
0.904669 0.249031
-0.968063 -0.677646
-0.451932 1.055441
0.320310 0.716752
0.522941 -0.533032
-0.530728 0.505033
1.301123 1.833936
-1.820760 0.589852
0.487023 0.608585
-1.051141 -1.106546
0.296259 0.243922
-1.440616 0.332522
-0.582422 -1.075570
-0.977411 1.098770
-1.433575 1.591415
2.967841 0.785956
0.997944 -1.395578
0.505601 -0.856619
0.797825 -0.266050
0.148055 1.728701
-0.394494 -0.307888
0.738846 -1.343883
1.385587 -0.489245
-1.228041 -1.284112
-0.654745 0.926951
0.044807 0.337422
0.852440 0.109775
0.420663 1.218978
-0.670621 0.696141
-0.634226 1.868775
3.427712 1.945016
-0.198002 0.137335
0.045102 0.550467
-0.938184 0.354961
0.625103 -0.799575
-0.088128 -1.513530
-0.631255 -0.662385
2.474174 -0.486390
0.716256 -0.960137
-0.498809 -0.478384
0.925929 1.473379
-1.156256 0.972034
-0.447012 -0.660118
0.817755 0.481062
-1.582576 -1.269973
-0.703695 1.354365
0.087191 0.180379
-1.421815 -0.556793
0.207924 2.279761
0.579171 1.596032
-0.318625 -0.013055
0.062087 -0.170556
0.704478 0.713738
0.309599 0.166615
-0.215244 -0.865851
1.824422 1.606333
-0.106572 0.433127
-0.449390 1.116143
-0.357674 0.455914
0.057057 1.215594
-1.360795 -0.296352
-0.333120 0.387937
0.014663 0.392648
0.860876 1.607437
-0.528047 1.953063
-0.084735 1.007423
-0.080765 0.728171
0.028655 -2.018697
-1.559992 0.392769
0.485687 -0.628116
1.050351 0.845614
-0.789888 -0.265937
0.459264 -1.982908
0.098978 -0.841592
0.204111 0.824782
-0.597884 -1.923558
0.419559 -0.434069
0.323189 0.044164
-0.634171 0.490160
0.316683 0.235293
-0.998310 0.724618
-0.516310 2.633049
-1.108067 0.209667
-1.885429 -0.206564
-0.370469 0.623807
0.334929 0.549879
0.423580 0.830655
-0.437483 0.622708
1.323059 1.792162
-0.356217 -0.306966
0.333653 0.319462
-0.326791 -0.793617
-1.801430 -0.257450
-0.938194 0.531137
-0.206150 -0.228437
-0.905297 -0.936340
1.588126 0.055896
1.231197 0.239201
-0.746426 -0.811064
1.064032 -0.277459
-1.429495 1.154466
0.921099 0.054465
0.901106 -0.631777
-0.137389 1.139636
-0.005745 1.651783
1.574123 -0.804590
-1.251681 0.471248
-0.637925 1.988959
1.317127 0.039326
-0.894968 -0.936445
-0.605661 0.512986
-0.079523 0.608058
-1.045930 -1.262167
-1.922495 0.733937
0.546640 0.935011
-0.841264 -0.326815
0.472244 0.239354
1.155012 1.474599
0.636719 -0.103017
-0.018159 -0.516640
1.688212 -0.576245
-0.003576 -0.398189
-1.262099 -0.307606
-1.526387 0.856497
0.670219 -0.823861
1.252977 0.572168
-0.370608 -0.973350
0.846780 -0.818861
0.662059 -0.453169
0.214290 -0.675082
-0.794870 0.154085
-0.683003 0.337126
-1.021741 -0.630635
-0.227294 0.314717
-0.747338 2.047077
-1.946523 0.313517
-0.049334 0.743329
0.526847 -0.110721
-0.510314 0.471013
-0.832687 -0.967089
-0.473883 -1.187146
1.312253 -0.069734
-0.471811 -2.380534
0.790634 -0.768833
-1.215910 -2.090315
-0.798711 0.664800
-0.292864 -0.414702
1.019679 -1.670764
0.012561 0.067332
0.618813 1.080891
1.295505 -1.290112
-0.594601 1.428106
-0.692813 1.167099
-0.765340 1.032664
0.206537 0.634885
-0.050815 0.107340
-1.577014 -3.323130
-1.491313 0.436049
-2.646061 -0.417484
1.550245 -0.376839
-0.906513 -0.181853
0.310100 -0.070763
-0.355760 0.143027
-0.141415 -0.670804
-0.059755 -0.668220
1.012556 -0.646399
0.077418 -0.186061
-0.533296 1.138828
-1.043717 0.331140
0.329167 -2.503494
1.252945 0.818266
0.372427 -2.213179
0.417156 -0.215640
0.314516 0.624016
-1.605459 0.135012
2.574745 -1.313188
-0.254345 -1.215712
-0.841174 -0.149565
1.299339 0.028568
1.442203 1.142546
1.342094 -0.253706
0.404465 1.335481
0.869737 -0.546819
0.485995 -0.694489
0.905070 -0.157071
0.407936 1.698292
0.185781 -0.397614
-0.074084 -0.089694
0.985328 0.055419
1.027247 1.506923
0.654873 -1.144242
0.195014 0.141764
-0.551613 0.086644
0.496288 2.019212
-0.336083 0.506828
1.529496 1.204208
1.189026 1.950742
-0.632133 0.983627
-0.890056 1.046502
0.295326 -0.191718
-0.526835 0.999019
1.188471 -1.257239
1.059098 -0.204382
1.250311 1.774573
-0.098386 0.669391
-1.960318 0.531418
-0.262133 -0.853329
0.835179 0.104351
-0.947195 -0.252029
-1.136354 -0.743953
0.163268 -1.949582
-0.059075 1.319589
-0.151762 0.358592
-0.238424 0.423517
-1.530611 -0.249369
0.812816 0.146496
0.181515 -0.095114
0.994122 -0.696624
-0.081579 0.130100
0.759521 1.102059
-0.422663 -0.230123
0.511638 1.375566
1.117847 0.244913
0.946870 0.586610
1.266300 -1.217326
0.413584 -0.108565
-0.818323 0.031554
0.526531 -0.022783
-0.675051 0.704702
-0.637738 0.738592
-0.456427 -0.522261
0.070933 -0.399016
-0.240811 -0.872522
1.024103 -0.738209
0.415872 -0.226434
-0.407716 -1.377210
0.406615 0.987062
-0.100475 0.463953
0.822985 -0.325682
0.066213 -0.878147
-0.367288 0.673007
-0.512876 -0.044925
-1.382914 -0.299124
-0.162685 -0.654414
-1.091041 -1.219961
1.286120 0.253487
-0.683784 0.647851
-0.366793 1.912118
0.606603 -0.511958
1.575683 -1.306807
0.455816 -0.538605
2.463075 1.125386
-0.419661 0.579494
-0.553933 -0.052561
0.266646 -0.006362
-0.659476 -0.951228
0.061469 -1.076440
-0.895986 2.439572
-0.875126 0.095117
0.916517 0.079890
0.579199 -0.173207
1.026177 0.056579
2.022593 -0.779492
-0.349917 -0.131583
-0.387254 1.856404
-1.064882 -0.536376
-0.584502 2.064093
2.141163 0.403775
-1.074377 1.186615
-0.624160 0.152762
-0.195432 0.017799
-0.488824 1.535577
-0.037450 -0.659962
-0.474320 1.143076
-1.296140 0.941142
0.142487 -0.505255
-0.125051 -1.215668
-0.435474 -0.118191
-0.522119 -0.674368
-0.187882 -0.109714
1.672477 0.117628
0.981157 -0.199157
-1.672926 0.389968
-1.261511 1.966848
-1.380722 -0.307232
-0.123938 -0.678572
-0.190785 -0.271704
-0.576062 1.386132
0.745209 -0.366019
0.175352 1.186042
-1.971720 1.277175
0.981860 -1.267744
-0.111251 0.261118
-1.027814 -1.933012
-0.355243 -1.730902
-0.903865 -0.078282
1.574509 1.727132
-1.522205 1.064698
-1.338424 -0.996326
-0.504657 -1.526259
-0.778856 -0.154677
1.433032 0.079567
0.385877 -1.250284
1.743213 0.409299
0.723228 -1.247196
0.829629 -0.829720
0.817628 0.056306
0.128443 -0.604039
0.925365 1.103192
-0.112892 -1.460932
-0.626845 -1.049645
-1.571210 -0.342819
1.691422 1.143867
-0.355958 0.349109
1.369517 0.103586
-0.819585 0.568588
-0.687635 0.159833
-0.234825 -0.025712
1.473753 0.614884
0.058002 1.124815
0.120967 -0.974453
0.372736 0.764433
0.225247 -0.555596
0.375553 -0.328732
0.008675 -1.160874
-0.414666 -1.497671
-1.559869 -0.776831
-2.497702 -0.815815
0.077230 0.371083
-0.261852 -0.589174
1.115889 -1.387517
2.455420 0.837552
0.611857 0.088734
-1.304913 1.116379
0.746758 0.910043
0.756816 -0.750717
0.844951 0.792832
0.365241 -1.077289
-1.266668 -1.334488
-0.102352 0.042533
0.959446 -0.409257
-0.265899 2.235485
-0.128807 0.945364
-0.152228 -0.068319
-0.931975 -1.530759
1.348774 -2.152243
-0.893067 0.125409
0.924360 0.068192
0.321493 1.931084
-0.986644 -1.445401
0.352093 0.104908
0.870047 -1.034956
2.185427 -1.455041
-1.446037 0.582240
-2.052871 -1.560140
0.164672 0.831926
-0.910605 -1.426261
-0.774210 -0.850960
-0.965024 0.297132
-1.025218 -0.470244
1.746420 0.881661
-0.413423 -0.140926
0.250841 1.631101
0.023636 -0.312245
0.061938 -0.387145
1.557535 1.520354
-0.795743 0.043367
-1.135045 -2.178482
-0.816793 -0.145684
-0.136807 -0.574550
1.877203 -0.114471
-1.429536 -0.019275
1.431061 0.949322
1.127509 0.115691
0.300612 -1.066794
-0.871000 -0.030552
0.252283 -0.417339
1.378864 -0.843166
0.742937 0.245199
0.767128 1.460239
-2.202881 0.637269
0.955349 0.142181
-0.486390 -1.111812
0.916954 -0.726865
0.202720 0.105222
1.654156 1.450937
1.667803 1.261266
0.782495 1.006142
-1.607169 -0.045674
0.833925 1.285916
-0.189577 -0.391283
-0.152106 0.600149
-0.130233 0.611919
0.288074 -0.179867
-0.202412 0.317733
-1.666643 0.621566
0.375260 -0.003089
0.610226 1.914150
0.820381 -2.000273
0.333087 -1.152605
0.141140 -0.793163
-0.298881 -0.707629
-0.257684 0.709778
0.818532 0.315568
-0.287824 -1.515028
-0.967955 0.722687
-1.176416 0.674698
0.077205 -1.104912
-0.048488 -2.441676
-0.273827 -0.611891
-0.415162 -3.246608
-1.255726 -0.712486
1.233146 -1.047832
-1.740480 -0.581275
-0.671692 -0.827706
0.665484 0.306175
-1.648316 2.019558
0.344020 -1.754424
0.212912 2.254742
3.679293 -0.015031
1.101170 -0.279845
-0.289104 -0.235382
1.380000 0.025518
0.819965 -1.066639
-0.011145 0.832708
-0.217874 -1.675200
-0.309913 0.348731
0.382872 1.279213
0.884517 -1.308899
-2.241822 1.439814
-0.149458 0.482046
-0.815327 0.560182
0.415127 1.845894
-0.137878 -0.031537
-0.574651 -0.809939
1.908990 -0.818512
-0.125941 0.055732
0.248278 0.277133
-1.143562 -0.138821
0.326122 -1.367205
-0.476897 -0.174890
0.095979 -1.476732
-0.079091 0.484009
-0.031428 1.702704
1.238944 0.963243
-0.723761 -0.361502
0.590341 1.347656
-1.709919 -2.382660
-1.288718 -0.084042
0.002073 1.097478
-0.396343 0.220815
-0.156413 -0.471104
-1.081989 -0.208585
-0.891052 -1.133837
0.019574 -0.702641
-0.282947 0.103733
0.067097 -0.859924
0.881966 0.909118
0.238940 0.187357
-1.449716 -0.119535
-0.100043 1.231240
1.246485 0.601785
-0.546034 0.063119
0.430468 -0.228462
-0.524096 -0.543737
0.458495 -0.100724
-0.263399 0.645215
0.327098 0.177827
-0.533813 -0.762995
-0.632126 0.675224
1.548191 -0.262899
1.892470 -1.088346
0.350501 0.986589
-1.417516 -0.766633
-0.368499 -0.664635
-0.055235 -1.649759
-0.306020 -1.067084
-0.322076 0.874691
1.344121 1.229559
1.425040 -0.701603
-1.343715 2.142659
-0.188847 0.943788
-1.139382 0.694114
1.213272 1.690545
-2.478329 0.805305
-0.548404 1.309874
0.630124 0.535296
-0.523854 -2.272611
-1.274950 0.606080
-0.210011 1.703026
-0.019811 1.044175
-1.617875 1.061503
0.473535 0.561278
0.773280 1.328168
-0.842299 -0.193848
-1.303900 0.031439
0.599541 0.255819
2.514792 0.569144
-0.600544 0.986596
0.251953 1.668343
0.255442 1.048259
0.354098 -0.417904
1.276921 -0.002969
0.121180 0.562987
1.015165 -1.183280
0.360796 0.627941
-0.409249 0.630826
-0.953213 1.835538
1.664571 0.730510
0.232982 -1.170042
0.012874 -2.208846
-0.321041 0.170365
-0.462331 -0.764823
0.351933 -0.298141
0.852226 -0.148967
0.480913 0.122780
0.017068 -0.723510
-1.453782 -1.295592
-0.540383 2.110959
0.680252 1.121523
-1.582173 -0.264895
1.280222 -0.041836
-1.236623 -0.010713
-1.199053 -2.587635
-1.734708 0.613086
0.269603 0.082002
-0.376392 -0.426971
0.599240 0.905094
1.867521 0.450360
0.417386 0.181882
1.066272 1.188216
1.052487 1.127438
1.032861 1.046275
-1.363693 0.322020
-0.502291 1.214612
-0.466948 -0.162803
-1.242905 0.807121
0.891877 -1.244639
0.537647 1.035717
-0.365467 -0.307946
-1.618070 -1.577101
-1.837181 -0.377733
-0.928310 -1.613668
0.631425 0.040371
0.767548 1.327018
-0.629950 1.051877
-0.854918 0.060978
0.215671 -1.383675
1.393681 -0.283303
-0.156488 -1.305589
-1.568230 -0.101565
0.843047 0.926541
-1.092441 -0.921285
1.915388 0.842035
0.358213 -0.078799
-0.426752 -0.697878
1.311730 0.616253
0.050760 0.890639
-0.810192 -1.378704
1.995872 -0.841620
-0.558248 1.315664
0.679679 0.353707
-1.077497 -2.355520
-1.028661 0.967769
0.332235 -0.294332
-1.011259 1.282188
-1.449327 -0.652292
-0.558073 -0.988496
-2.097026 -1.553749
-0.534990 0.245316
0.428860 -0.063055
0.290626 0.465893
-0.298426 -0.204306
-0.387627 0.122943
1.174503 -1.016280
-0.202183 0.688046
1.019529 0.600186
0.472659 0.986535
-0.812666 -0.213560
0.359404 0.262295
-0.562573 2.579985
-0.707217 0.237311
-2.373493 -0.694575
-0.840181 -1.859831
0.972222 -0.172066
-0.492751 -0.063761
-1.333275 0.549863
1.655656 0.247186
0.560875 -0.294346
-0.188745 -0.393142
-1.809219 -0.409047
0.246604 1.837036
0.434384 -0.124552
0.756043 -0.625798
1.864741 -0.238812
-0.293175 0.858196
-2.394239 -0.437642
-0.940358 1.455485
1.092562 0.307411
-1.299850 -0.959397
-0.233633 0.292747
-0.048847 -2.370190
-1.810167 -0.345323
0.034932 0.639173
-1.100625 -0.083823
-0.351726 0.209543
-0.760061 1.775478
-0.349157 0.992210
1.301223 -1.489375
0.013733 0.108130
-0.195012 0.212701
-0.366636 -1.116279
-1.163352 3.145423
-0.355287 -2.486699
-0.459128 1.355244
1.012634 -0.860369
-0.248736 -0.190638
-0.647305 -0.945089
-0.215623 -0.916464
1.040208 1.021708
0.120684 1.274563
-1.594000 0.644154
0.679849 0.416020
1.482971 -1.719100
-1.251744 -0.994442
0.181894 -0.105798
0.493504 1.228476
-0.331352 -0.122319
0.172337 -0.746461
-0.956079 -0.239159
-0.579027 0.152718
-1.492746 -0.154314
0.085719 0.502674
0.637021 -0.836816
-1.379952 1.034555
0.383277 1.598916
1.154126 0.922246
0.049037 -0.776511
-0.442579 -0.064474
-0.302542 -0.844072
-1.602849 1.301454
0.026904 -0.057989
-0.366981 -0.308686
-1.397146 -1.185487
0.913974 1.210886
0.284093 0.893496
0.378812 -0.327299
1.499529 2.711360
-1.506496 -0.370153
-0.728884 -1.043873
-1.094371 -0.054591
-1.644062 -0.141197
0.906118 1.267725
-0.467278 0.403273
-0.230377 0.410131
0.693229 0.499669
0.241562 1.124069
-0.489926 0.397010
0.027297 0.809229
-0.548712 0.086120
0.974257 -0.002887
0.571786 0.291712
-0.741325 1.117791
-0.108390 -0.740590
-0.349629 -0.414259
-0.981338 -1.242042
0.285779 0.953197
0.177984 1.822339
0.119364 1.359597
2.277416 -1.111956
1.243017 1.479352
-0.128001 0.209420
-0.303063 1.351296
-0.387205 -0.470093
0.676835 0.482915
2.172437 -1.798630
-0.582634 -0.754919
1.465018 -1.051887
0.047787 -0.865239
-0.376619 -0.314304
-0.509504 -0.865837
0.115343 -0.067102
0.283231 -0.834285
1.798995 -0.241191
0.144540 0.143157
-0.663561 1.499938
-1.742155 0.670082
-0.682134 -0.398230
-0.477023 2.063023
0.819697 -0.658462
-0.087532 0.428763
0.959126 0.753303
-1.174963 0.505239
-0.076392 0.906333
-1.863348 0.352244
-1.056346 -0.316145
0.654511 -1.285507
0.129875 0.245915
2.282599 -0.116890
1.345087 -0.886975
0.535821 -1.805876
0.419632 1.329683
0.353937 -0.596704
-1.501350 -1.834760
-0.250070 -0.095820
-0.121988 0.603151
1.383063 -1.261132
1.965669 -0.156568
0.554796 -0.677396
-0.065401 -0.459004
0.670848 0.948792
0.077105 -1.488209
0.210419 -1.494698
-0.086261 0.610696
0.028167 0.987185
0.180871 0.627170
0.003589 -0.214922
0.344341 -0.374417
-2.168862 -2.430448
1.032752 0.125298
0.129466 -0.250084
0.970754 0.930326
-0.225451 -1.454529
0.449174 1.019805
0.592185 0.670924
-0.197821 -0.223735
0.071462 1.403452
1.427024 -0.182139
0.285667 0.570820
-0.661325 -1.403653
0.779123 2.941032
-0.253302 1.170827
-0.347844 -0.695281
-0.527271 -0.763485
-0.955428 0.694697
-1.793461 2.251438
-0.062962 0.813623
0.567404 1.081459
0.258193 1.484261
-0.245774 0.093007
0.183098 1.017473
1.387964 -1.013853
1.329290 -0.093055
0.531244 0.265443
1.185810 1.005060
1.490096 0.110942
-0.184731 1.864153
0.009798 -0.253245
-0.866972 -0.514397
0.117146 0.467319
-0.994178 -0.118339
0.390643 -0.584151
0.468119 0.389884
0.905499 -0.496384
-0.727185 2.368964
-0.637021 1.869039
-0.134237 -0.696774
-0.436979 -0.888619
-0.053505 0.707153
1.924731 0.412687
1.673258 0.426595
0.666609 0.761844
-0.423896 1.050926
0.345846 -1.817170
0.788953 -0.148205
-0.422579 0.169685
-1.244948 0.696905
0.521435 0.557328
0.255014 -0.686296
-0.475013 -0.575899
-2.377631 -1.642775
-0.106869 1.339357
2.292587 2.142615
-1.242404 0.586802
-2.230449 -1.378224
0.780945 0.606801
-0.063356 -0.104664
-0.831025 0.392447
-0.230770 -0.418904
1.410192 -0.169915
-0.179274 -0.369660
-1.643547 1.302494
-0.294153 0.193084
1.480249 -1.464233
-1.019410 -0.292953
-0.676413 0.535232
0.816478 -0.796413
-1.673810 0.467727
-0.518332 -1.565385
2.033311 -1.112712
0.749338 0.403095
0.249544 0.514188
-1.158845 -1.135970
0.642075 -0.270747
-1.374780 1.142349
-0.840671 0.176254
0.532543 -0.892112
-0.755897 0.639215
1.186621 0.676211
-1.307004 -0.365821
-1.025753 -0.050533
0.429304 -1.924390
1.147424 -1.242095
-1.014465 0.664964
-1.245074 -0.204999
-0.143983 1.163152
-0.222942 1.256424
1.418580 -1.040716
0.013052 -0.241318
0.717452 0.195946
-0.648973 -0.633839
-0.139002 -0.210801
-1.176568 -0.364478
-0.899079 -0.365631
0.181272 -0.029579
0.339287 -0.269576
1.626042 -1.979235
-1.466745 -0.432151
-1.982031 0.181043
-2.207897 -0.501960
-0.305148 1.652743
0.629429 0.305337
0.064704 0.851617
-0.530853 0.217162
-0.868841 -0.707598
-0.406477 -0.794831
1.010677 -2.847944
0.010050 -0.075254
-0.356319 1.904690
2.047289 -0.048834
2.035184 -0.395519
-0.083083 -1.272489
1.168387 0.169488
0.602703 -0.281766
0.550473 -1.142326
0.158365 -0.969902
-1.249340 0.310250
0.146458 0.750718
-0.168662 0.623509
1.110349 -2.052065
-1.233898 -0.615216
0.444203 -2.272238
0.294188 -1.091901
0.221290 0.481304
0.550715 -0.169288
0.860154 1.205277
-0.891859 0.058484
1.159939 -0.618268
-0.916592 -0.645926
0.338730 -0.853049
0.839411 0.112779
0.614491 -1.582715
0.527774 0.500058
-1.474670 -0.318438
-0.312615 0.739134
-0.154740 0.250299
-0.141325 0.699946
0.915974 1.409118
0.004795 -1.452048
0.742493 1.611395
0.444358 -0.747270
-0.307867 -0.790235
0.502856 -0.697821
0.113665 -0.201757
-0.951078 0.538145
-1.105238 -0.644044
1.600746 0.229062
-1.179538 0.261647
-0.756182 -0.655509
-0.377108 -0.468621
-1.023772 -0.456894
0.192611 -0.965845
0.287828 -0.835374
-2.093959 0.229074
-1.018110 0.859632
-0.585449 -0.560190
-0.501721 -0.911704
-1.747520 1.689819
0.499350 -0.565402
1.578068 0.325358
-1.475380 -0.465971
1.228561 -0.126462
0.247023 0.634413
-1.434343 1.018903
-0.475836 0.342011
0.411464 0.251254
2.661084 0.748837
-0.561791 -0.065212
-1.455157 0.609753
0.545838 2.116141
0.917131 -1.320484
0.832991 1.142832
1.450822 0.644552
-0.354174 -0.685021
1.929093 -0.390029
-0.170135 0.396580
1.445355 0.036310
0.652650 1.360563
0.099475 0.302010
0.227987 -0.629035
-0.274193 -0.745999
-0.516253 -0.375156
-0.810388 -1.116491
0.256767 1.451035
-0.402261 0.588884
0.120560 -0.010905
0.087236 -1.299263
0.225269 0.546993
-1.472057 1.142284
-0.527810 -0.914395
0.959501 0.545367
-0.292639 1.070899
1.137697 0.931621
-2.109246 0.426207
-0.578245 0.775122
0.146357 -0.441538
0.607981 -1.049637
1.323615 -1.236951
-0.723324 -0.747334
0.610525 -1.403692
0.193937 1.227277
-1.030342 0.304913
0.143346 0.484139
0.151903 0.723799
0.680413 -0.788448
-1.366491 0.535299
0.315244 -0.970442
0.763273 1.541523
-0.532810 -0.775496
0.918217 0.157758
-0.063250 -0.201560
1.001303 -0.279879
-0.373492 -0.634147
0.030837 -2.160581
0.392680 0.624865
-0.409807 -0.968421
0.223922 -0.660112
-0.776749 0.703337
1.353348 -0.044574
-0.408854 -0.957477
-1.645823 -0.697102
1.576954 -0.465318
-1.040839 -0.540458
0.244636 -0.881188
-1.234333 -0.214287
0.403198 -0.510382
0.228524 0.050070
-0.396422 -0.051299
0.823436 -1.208022
-0.515475 -1.023862
0.393366 -0.188493
0.773417 1.368185
0.335826 0.895655
-0.212855 1.005479
0.996240 -0.503527
-0.230073 0.882362
-1.887138 0.506580
-1.486782 0.127826
0.407361 -0.497764
1.136068 0.525916
0.488020 0.414936
1.511474 -1.166762
-0.078151 0.386142
-2.226151 -0.197328
-0.806742 -0.804468
0.218915 0.387534
-0.884059 0.632677
-2.547422 -0.123803
0.255669 0.730420
-1.370901 -2.515281
0.767247 -1.217285
0.253730 0.336484
1.365211 -2.197788
-0.084031 -0.365122
0.249306 1.572922
-0.135464 -2.142321
-0.844819 0.719752
-0.435020 0.407032
0.264204 1.101301
-0.514656 -0.430830
-1.525308 0.068502
-0.784071 0.097766
0.306249 0.134160
0.759240 1.849946
-0.694620 -0.358234
0.359270 -0.099305
-0.743529 0.711974
-2.016874 0.404099
-1.761131 0.407987
0.631584 0.645127
1.035477 -0.963263
-0.740384 1.594891
0.213816 -2.120472
0.709141 -0.055744
1.010772 0.975135
2.459503 0.205272
1.316447 0.748527
0.388194 -1.026022
0.275997 2.299571
1.205546 -0.091263
-0.143304 -0.772492
0.557502 0.721367
-0.426640 -0.250206
-0.280553 -2.165779
0.261974 -0.111544
-1.453581 0.901817
-0.625906 -0.316898
-0.683783 -0.058914
0.255427 -1.589135
-0.838921 0.211163
0.604979 0.665902
-0.069522 1.094158
2.395090 0.207361
1.294017 -0.078301
-0.463140 -1.524798
-0.277396 -0.613953
1.796914 1.136329
0.279979 1.619800
1.345268 -1.272933
-0.525215 0.898351
-0.220469 -0.672784
-0.038680 2.087411
0.603222 0.508973
-1.120159 -0.658711
0.558062 1.824356
-0.221217 0.241058
0.308334 -1.311062
0.427015 -0.499833
-0.665579 -0.807795
-0.129041 0.590863
-0.637511 1.035207
0.526479 0.911264
0.762628 -0.928864
0.278029 0.242733
-1.954216 0.684788
0.180870 -1.585863
0.955524 -0.074449
0.106308 0.196177
1.280419 -0.504378
1.975474 0.306730
-1.929802 0.236319
-0.604078 0.021761
0.432600 -0.869542
-0.953256 -1.910652
0.314178 -0.423957
0.004255 -1.393591
0.642261 0.155585
-0.358065 -0.591610
-2.212380 -0.053172
-1.528489 -0.802705
0.393820 -1.763152
0.455700 0.431428
-0.193914 0.213778
-0.902499 1.137121
0.614544 1.583607
0.279712 -1.095832
-2.055972 1.204034
-0.250347 -0.998390
1.633827 -0.351868
-0.142917 -0.472152
-0.665398 -0.599815
0.003851 -0.380855
0.329208 0.955216
-0.142093 1.457993
0.748311 2.176796
0.940116 -1.163024
-0.464424 0.934299
-1.785649 -0.937219
0.526445 0.002867
0.066827 0.842894
1.027898 -0.157048
-1.280814 0.442149
0.245657 -0.361357
-0.299763 -0.917879
-0.185402 -0.010755
-3.091881 -1.281398
0.668806 0.304948
-0.014648 -2.166813
0.386204 -1.004005
-0.045235 0.438149
0.627224 -0.681617
0.392779 0.414809
-0.712890 0.201667
-0.895664 0.269099
1.037016 0.759627
1.109932 -0.140015
0.154299 0.495899
-2.799637 -0.357924
-0.832577 0.330382
0.912201 0.685029
0.557287 -0.344608
-0.934009 -0.277945
-0.215239 -1.360049
0.750765 -0.750024
1.464880 -0.432795
-1.242467 0.164812
0.074238 -1.051002
-0.166040 1.424645
-0.536511 0.140027
0.447654 0.646680
1.551498 -0.595932
0.340389 0.135926
1.555630 -0.647165
1.205456 0.062062
0.019803 0.644616
0.371294 1.889427
0.446312 -0.331702
-1.294895 -2.285667
-0.725173 -1.444498
0.073061 0.264008
-0.569686 -1.039607
-0.582351 0.442323
0.397975 1.193171
0.519315 1.410607
1.750929 0.942080
0.752474 -1.225103
-0.129801 0.583689
-1.572168 -0.005657
-1.171476 1.179309
0.173818 1.821285
-1.042074 0.491419
-1.731088 1.498052
0.616708 0.030382
-2.164951 0.233449
-1.357650 1.536820
0.170219 0.838226
-0.484024 0.999524
-1.432030 -0.662928
1.210219 -0.147490
1.211427 -0.171789
0.701238 -0.529934
-0.819018 1.548362
-0.557869 0.581125
-0.636945 -0.163187
0.594752 -0.202512
-0.266631 -0.027294
-0.039421 0.035676
0.334642 1.181897
0.968039 -0.446198
-0.803452 -1.093282
-0.222488 1.116872
-0.299857 -0.502871
0.517214 -0.769992
0.766602 0.199328
-1.906251 -0.218098
0.257656 -1.128341
0.074009 -0.044329
1.284779 -0.756128
-2.233270 1.445289
0.037128 -0.535506
1.252714 0.867987
0.066030 -1.864378
-1.136828 -0.444193
-1.221138 0.492596
-0.708912 1.393282
1.147849 0.462952
0.377540 1.146692
-1.283845 -0.811765
-1.716414 0.587883
1.187947 0.156761
-0.436285 0.533216
0.467283 -0.375590
-1.191642 -0.059061
1.074141 0.003184
0.895345 0.922993
-2.132897 -1.089966
0.138293 2.550855
-1.694209 -0.901200
0.067505 -1.012413
-0.183786 -1.052638
0.621606 0.512570
-2.391551 0.824513
1.342179 0.090578
1.211246 0.968427
1.064149 0.443654
1.608851 0.241362
-0.649104 0.560931
-1.335743 0.098279
-1.351205 0.119565
-0.471236 -0.151683
0.569361 0.183474
0.489885 0.605065
0.022293 1.747766
0.740319 -0.026074
0.697861 1.928953
-1.004063 -0.246306
-1.181717 -1.056473
0.758257 -0.436383
-0.567828 -0.937119
-1.354239 2.197085
-1.842197 0.716241
0.064807 -0.107494
-0.302155 0.269216
-1.590762 -1.349367
-0.847701 -0.634583
0.353286 -0.269917
-0.821991 0.437508
1.134521 0.617444
-0.805390 0.176712
0.844637 0.594265
-0.313178 -2.014923
-0.161687 0.008856
0.411504 0.729736
-1.067188 0.812232
-0.061971 -1.064486
-0.473143 -0.208163
1.055012 0.317424
2.692311 -0.776952
2.013672 1.730079
1.293983 1.466800
0.536772 -0.872282
-0.674851 0.475256
-0.876972 0.413333
0.536712 -0.402424
-1.306541 1.557059
0.295358 -0.805942
0.051688 -2.095927
-0.815130 1.665618
0.623078 -0.599717
-0.488962 1.131854
0.554205 0.782554
0.094538 1.247967
-0.709275 0.308684
0.166977 1.299858
-1.869589 1.393740
1.669653 1.576476
1.844037 0.988271
1.469054 -0.128724
0.849030 2.152516
-0.073678 -0.507863
-1.329864 -0.109172
0.071216 1.937991
-0.576576 -1.237167
-0.659189 0.741136
0.955371 -0.127435
-0.238044 1.103731
-1.282992 -0.739417
0.528967 0.677404
-0.933865 -0.898197
-0.733322 -0.596529
-1.075023 -0.403763
0.451849 -1.062958
-0.836146 -0.863086
-0.520445 -0.810308
0.438201 0.560648
-0.578331 -0.632030
0.375988 -1.397529
0.230919 0.716438
1.239229 -1.407682
-1.692021 -0.800979
0.653923 0.199448
0.598454 2.322575
-0.870693 1.719553
-1.907942 -1.508731
0.593416 -1.671632
0.031561 -0.033421
0.704198 0.782157
-1.679233 -0.721489
-0.995567 -1.297981
0.308390 -1.004883
-0.028067 -0.740921
-0.267215 1.400214
0.286844 0.243128
-0.971247 1.809322
-1.542488 -0.787350
1.768564 -2.125011
-0.819069 -0.647721
1.605738 -0.629311
0.092170 -0.012000
0.816389 1.037860
0.554111 0.811380
-0.232995 0.178725
-1.245592 -2.081795
1.289082 -1.366141
-0.815766 -0.111328
-0.439238 1.413173
-0.960260 -0.778006
-2.536828 1.437257
-0.342408 -0.687661
0.615694 2.256365
0.463346 0.590449
-0.431226 0.128664
1.101411 -0.046747
-0.588915 -1.709207
0.556471 0.319193
0.268764 1.643639
-0.479307 -0.454070
-0.741547 -0.208565
-0.207256 -1.581242
-0.129667 1.964138
0.403120 -1.102586
-0.139863 -1.947084
0.835225 -0.032001
0.258651 1.587354
1.147264 0.017569
0.365478 -0.702832
2.076967 -2.824538
-0.117864 0.036915
-0.456319 -0.222845
1.498710 0.560463
0.419725 -1.058012
1.757067 0.502737
-0.351650 0.126475
-0.104672 -0.892337
-1.845047 1.315878
-0.427049 -0.189330
0.378715 -0.236603
-0.721801 1.020615
-0.400586 0.028732
1.034004 -1.291275
0.842747 -1.229895
-0.088629 0.730948
0.579711 -1.609916
0.186689 0.401158
-0.036078 0.180647
0.382710 -0.494302
0.394220 1.063056
-0.287001 0.503326
0.362724 -1.067247
0.874782 -0.425983
0.179409 -0.010803
1.032407 1.202404
-0.805143 -0.418623
-1.237092 0.526948
-0.241080 -1.112320
0.140126 -0.132359
1.142126 1.070128
0.218630 0.084626
0.768126 -0.916370
0.087209 0.239954
-0.913311 1.129523
1.725429 -0.347858
0.325887 -1.105086
-1.500349 0.180062
-1.263772 0.681320
-3.695852 -1.684130
-1.042374 -1.873023
-0.916270 -0.053324
-0.369375 0.086745
0.321038 0.645517
-0.495919 0.893544
0.751850 1.244119
0.020738 0.387936
1.371987 1.047089
1.674795 0.071515
0.420466 -1.129893
1.554431 -0.893117
-1.535819 0.513225
-1.260480 0.674389
-0.188213 -0.661349
0.890992 -2.234378
-2.118338 0.744348
-2.199468 -1.019404
-1.426343 -0.054053
-1.335257 0.529230
-0.383358 -0.084742
-0.472138 0.364322
1.381685 -0.144627
1.122373 0.526225
0.412971 -0.793969
-0.296388 -1.942551
-0.315134 0.179357
0.570473 -2.652131
0.197231 1.037128
-1.223974 -0.211779
0.163761 1.200286
-0.361074 0.420117
-0.391113 -1.597593
-0.767814 1.757461
-0.673612 0.288610
0.292779 1.197539
-0.980211 0.314396
-0.216458 0.262491
-1.025672 -0.796882
0.005282 2.685999
-0.067607 0.829013
-0.070329 -0.382763
1.010253 -0.878131
0.312613 0.256017
0.698770 -0.019832
0.636539 -0.998905
0.196534 -2.719088
-0.463628 -0.083953
-0.630915 0.003504
0.918784 -1.957960
0.630544 0.453182
-0.741283 -0.887448
-0.149068 -1.857579
-0.468367 -0.754444
-0.025193 -0.724232
0.488486 -1.722769
0.336635 -1.728794
0.801960 -1.683389
-1.191257 -0.136502
0.132053 -0.259927
1.164383 1.772357
-0.492406 -1.075605
-2.696552 1.269969
-0.992071 -0.025041
0.535930 1.108183
0.390369 -0.964085
0.399615 0.221942
-0.264707 -1.674998
0.126856 -2.229417
1.138597 -1.208222
-0.781373 -0.116546
-1.526776 -1.026477
-0.110305 -0.563455
-0.763393 -0.051405
1.062121 -1.609048
1.012412 0.625057
0.490877 -0.663384
-0.521967 0.325724
2.297438 0.829929
0.352461 0.107603
-0.961418 0.488801
0.416357 -1.726899
0.337218 0.783907
-1.837848 -1.631233
-0.310183 0.127627
-0.620753 -1.211610
1.870981 0.143872
0.002331 -0.176076
0.463204 -0.775666
0.794266 -0.600927
-0.760709 0.914562
1.071174 0.058801
-0.329736 0.795320
-0.658615 0.622389
0.592575 1.419065
-0.306713 -2.038239
-1.337640 0.698113
-0.776695 0.542124
0.503576 1.016520
0.410712 -0.081526
1.764214 -0.739360
0.787870 -0.556324
-1.512406 -2.099355
0.384229 -0.136775
-0.335446 1.909982
-1.347795 -1.427104
1.374200 0.892003
-0.091812 0.521900
-1.059288 0.583413
0.079477 -0.583453
0.462545 0.127228
-1.860263 0.734034
-0.871906 0.543770
1.132783 -0.470127
0.680694 -3.090010
-0.006962 -1.841427
1.239649 -2.126586
1.739120 -2.318659
0.465283 0.059385
0.648983 1.149586
-0.465168 -0.056467
-1.059281 1.357666
-0.295846 -0.182382
-0.141572 -2.195358
1.612951 0.755160
0.152093 -0.643775
-0.754442 1.934262
-0.179919 0.155468
0.672873 -0.278906
0.296401 -0.918864
-0.575269 -0.430469
0.306545 -2.188077
-0.154184 1.103723
0.540598 -1.533784
-0.335432 0.945745
-0.782737 -0.728513
-0.987329 -0.766800
-1.165717 1.480208
0.631028 -0.230765
0.268097 0.496384
0.218274 -0.316187
-0.811036 -2.674806
0.604003 -0.579829
-0.341968 1.406073
0.537644 -0.483297
2.446509 -0.385445
0.328169 -1.117526
-0.643194 0.189147
0.301427 -0.090395
1.747299 -0.484101
0.809956 0.183021
0.338916 -2.034809
0.198313 -1.097042
1.237981 0.862002
-0.892387 0.252963
-0.095941 -0.877484
-0.697620 0.590867
1.504269 -0.741852
-0.385121 -0.012380
-0.452458 0.975753
1.304045 -0.302895
1.467574 -1.196494
0.655485 0.748611
-0.888874 -0.359837
-0.123475 -0.131976
-0.645442 -1.420643
0.018188 -0.892600
-1.106281 0.066736
0.298618 1.383153
1.347778 -0.296287
-0.471415 -0.878011
-0.322361 -1.339311
-0.311925 0.679177
0.076337 -1.446555
1.173084 0.924927
1.572374 -1.791040
0.021780 1.047885
-0.071218 -0.039796
1.976543 1.525923
0.172440 0.240187
0.752506 1.082138
-0.489811 -2.320410
-0.099565 -1.514186
0.388743 0.517153
-0.027334 -1.011466
1.557538 0.788198
0.617888 0.120685
-0.185109 -0.642797
-0.025504 1.370989
-1.451841 1.209614
-0.072981 1.284600
0.789595 0.605457
0.268394 -1.220286
-0.726456 0.895708
0.068104 0.752673
-1.994884 -0.352701
0.814743 1.224670
-0.064853 0.702429
0.894845 -0.182622
1.452348 0.117854
-0.806524 -0.861104
-0.684081 0.513405
-0.560584 -1.257892
-0.982853 0.783101
1.650450 0.916922
-0.982696 -1.993991
-1.117335 0.342516
-0.135920 -0.880774
0.975677 1.215846
0.865156 -0.581569
-0.067464 -1.079467
0.072995 0.441433
-1.675060 -0.024778
-1.117585 -1.572092
-2.538335 0.123092
-0.579567 0.668936
0.596101 0.542445
1.052314 -0.640444
0.200608 -0.705567
-0.375141 -1.086630
-0.621164 1.251723
-0.919555 1.007236
-0.998282 -0.457974
0.283777 -0.949218
0.141830 0.619613
0.283214 0.793402
-0.205127 0.189419
-0.500767 -0.664840
0.405532 1.637831
1.046105 -1.422002
1.152380 -0.537916
-1.056829 -1.091126
1.722174 0.486178
-0.204046 0.761023
0.721983 -1.132133
0.585591 0.572181
0.839620 -0.731255
-0.978160 1.470739
0.820957 -1.550023
-0.007504 0.112639
-0.740980 0.653128
0.691993 0.462309
0.071238 0.498410
-1.103202 -1.115886
-1.094939 1.603083
0.660011 0.060495
-0.662698 -0.551950
1.666297 -0.529969
-0.018127 1.326498
-0.379879 -0.694974
1.279105 -0.186187
0.472201 -0.699884
-0.819544 -0.555866
-0.572997 -0.264405
-0.719148 2.946588
-0.004428 1.224092
-1.126606 -0.140129
-1.791240 -0.473556
-0.027890 0.853966
-0.013773 0.793542
-0.027798 0.110022
-0.569820 0.343399
-0.872701 -0.848909
2.149958 0.220914
-0.584927 -0.742043
0.024151 1.892016
-0.417596 1.104769
-0.130293 1.064164
-1.285079 -1.401819
-0.658900 -0.729509
-0.304907 -0.255985
-0.094126 -0.186930
-2.705047 1.312660
1.576565 0.944931
-0.541286 -0.230868
-0.055756 -0.227343
0.273953 1.397154
0.570562 -1.624439
-1.322130 0.110770
0.263586 1.420726
0.868864 1.201678
1.040166 -1.227625
-1.804380 -0.259688
0.411005 -1.037245
-1.286348 -0.678802
0.061394 -0.607321
2.157099 1.353812
0.820804 1.628405
-0.309371 0.823451
0.897672 1.093419
1.083640 0.321213
1.850004 -0.864484
-0.568218 -1.257266
0.897383 -0.547325
1.786079 -1.766894
0.248934 0.750727
-1.482214 -0.463994
-1.151412 -0.529815
0.346160 -0.107753
-0.036843 -0.406681
-0.682425 1.051560
-0.480803 0.919752
-1.009378 0.260395
0.548376 -0.233176
1.249606 -0.640795
-1.066603 0.572421
-0.963037 -0.048103
0.537989 0.715943
-0.583196 -0.757735
1.209955 0.623084
0.179493 -0.209149
1.192005 -0.219931
-0.137873 0.694089
-0.725358 0.739212
1.155006 -0.132849
0.982976 1.002340
-0.171054 -1.439716
-1.333105 -0.289444
1.158494 -1.609808
-0.905848 -0.785385
-1.220520 0.599834
-0.701197 1.614980
-0.063320 0.990004
0.074321 -0.654003
-0.647026 0.189968
0.987864 0.514650
-1.842442 -1.219701
1.182030 0.424884
-0.556438 0.123300
-0.777031 1.392752
-0.517104 0.845963
-2.423762 1.167000
-1.011201 -0.919319
-0.212121 0.484366
0.796966 2.102447
-0.894605 -1.949609
0.293563 -0.952976
-0.670906 1.488898
-1.835339 -0.171776
0.356282 1.511103
2.199523 0.802919
-0.075732 -1.602353
-0.303297 -0.277907
-1.323569 -1.753971
-0.969145 0.637902
-0.610681 -0.700221
-0.954526 -1.214511
-0.387166 -0.506468
0.638520 0.041942
0.535637 1.492707
-0.469940 -0.686371
-0.761504 -0.882996
0.638932 0.442252
-1.724805 1.308378
1.052906 1.142494
-1.919362 0.982526
-0.474662 -1.461006
-0.448939 0.085546
-0.864592 0.115048
-0.121083 0.050938
-0.615650 0.870359
-0.282686 -0.327414
-0.471004 -0.381677
-1.047591 1.576489
0.380791 0.076586
-0.949329 -0.926326
0.334833 -0.702805
-0.972847 0.381090
-0.468461 1.872675
0.122658 -0.006232
0.759292 1.011908
-0.520739 1.096447
1.026100 -1.007920
-1.364723 -1.451527
-0.120936 0.508549
0.425468 -0.597669
0.244012 -0.164195
-0.053491 -0.154492
0.006283 -1.257162
-0.936847 -0.344863
0.361726 0.284187
-1.254287 -0.080030
1.212864 0.331122
0.275422 -0.521819
1.637739 0.459405
1.437534 -1.851571
0.527411 -0.776294
0.426803 1.290794
-1.543415 0.650723
-0.564596 1.263403
2.872656 -2.357038
-1.082118 0.009360
-0.757176 -1.076782
-0.752133 0.261740
-1.779889 0.974124
0.366843 0.972128
2.444820 -0.733243
-0.470894 -0.248513
1.010590 0.278342
-1.301582 -1.043244
-0.645146 -1.559352
-0.639749 -1.303856
-0.582532 1.842218
-0.366021 0.522547
1.276892 -0.252047
-1.559178 -0.013241
0.844562 -1.245869
1.184391 0.274952
1.303853 -1.134770
0.391542 -0.744139
1.174280 -0.977972
0.088188 0.113687
-1.740796 -0.746442
-0.289985 -1.332196
0.344986 1.392423
0.858810 -0.704305
-0.565947 0.843069
-0.256455 0.109231
-0.565360 1.760432
-0.471597 0.127007
0.824654 -2.218443
0.703506 0.802570
-0.427769 0.476796
0.452203 0.705342
1.978135 -1.475039
-1.964882 -0.619840
2.107132 1.214684
-0.319217 0.498513
-1.422635 -0.619314
0.607160 0.004670
-0.243465 -0.960849
-1.050262 -1.647235
-0.100816 -1.075268
-1.079852 -0.521425
-0.286632 -2.017698
-1.381106 -0.889048
-0.119100 -1.580297
-1.109298 -0.575513
1.730572 -1.120746
2.162665 1.873530
-0.911235 -1.052239
0.049967 0.085041
-1.019080 1.257514
-1.874372 0.651171
0.574435 1.133388
-1.902412 0.333514
1.141543 -0.855738
0.303292 -0.529854
0.318511 -0.259544
-0.427306 -0.816828
1.052130 -0.258246
0.934608 1.195918
0.687695 -0.070861
-1.157825 -0.048118
-0.366813 -1.354727
1.543067 0.719158
1.190901 -1.703059
-0.630743 -0.069506
1.633960 0.986439
0.450370 1.190647
-0.449530 0.393293
0.996218 -0.325504
1.513096 0.974658
0.010086 0.603456
1.256784 0.188913
-0.947372 0.702491
1.758008 1.095501
-0.954888 0.149731
0.156315 -0.205579
1.145812 -0.171161
-1.734245 -0.367223
-0.214872 -0.236327
1.773540 -1.354218
0.460987 0.051599
0.791897 1.568328
1.782983 -0.725880
0.490445 0.905690
-1.836226 -0.637871
0.251902 -1.563352
1.063859 0.311528
-0.592029 0.485384
1.120282 -1.569847
0.223665 0.125647
1.706516 1.499200
-1.263937 -1.437553
2.500782 -0.782661
0.602781 -0.268176
-0.080389 0.503873
1.731497 1.033853
0.606047 -0.396945
0.243902 -0.091653
1.986055 0.317994
-0.537986 0.107531
-1.428230 0.310011
-1.573945 -1.334178
1.327838 -1.217472
-0.069606 1.132592
0.396916 1.028237
0.282392 1.196094
0.882920 0.721531
-1.822208 0.266489
-0.118227 -0.817308
-1.029431 -0.025970
0.040937 -0.952773
-0.066115 0.674590
0.146467 1.844948
-0.190512 1.132813
-0.109525 -0.457047
-1.488466 0.675249
0.164654 0.871063
-0.881898 1.492127
-0.811665 1.466664
0.536888 -1.770066
0.878872 -0.714829
-0.694512 -1.241634
0.601337 -0.724162
-0.185816 1.284975
1.153175 -0.697238
0.299351 -0.594577
-0.004808 -1.655257
-1.584487 1.297150
0.888674 -0.648814
1.963865 0.155493
2.618778 1.019326
2.623487 -0.711277
-0.492651 0.203797
1.836050 0.733773
0.362466 0.911674
1.288316 0.005484
-0.317979 1.278074
0.903155 0.800387
0.620716 -1.043064
-0.448891 -2.071928
-0.415477 -0.118378
2.763011 -0.633397
0.263262 1.176058
1.464100 0.849802
-0.653861 -0.284369
-0.474363 1.398261
-1.688870 -0.049118
-0.877022 -0.722834
-1.125305 0.158764
0.172597 -0.907749
0.261203 0.381962
1.629339 0.417634
-0.831525 -1.855301
-0.793399 -1.061594
0.152677 0.088338
-2.194525 0.006667
-1.186182 0.073570
0.135603 0.402756
-1.743030 0.889054
0.843679 1.631406
-0.967348 0.403398
0.024253 -0.366386
-0.567858 0.434762
0.119306 -0.909294
-0.196972 0.089707
2.069545 -1.858271
-1.398613 -1.372749
-0.562160 0.943221
-0.057240 0.305216
1.079749 -0.659773
-0.783207 0.887344
1.312484 0.958233
-0.217498 1.701650
-0.206156 0.887937
1.210911 -1.250502
-0.455779 -1.187932
-0.509965 0.009987
0.047295 0.657562
-0.089270 -1.159103
-0.710388 0.497961
-0.362529 -0.665401
-0.444859 -0.207018
0.697661 2.292471
0.891049 -1.212631
0.935844 -0.910328
-1.058920 1.293940
-0.740007 0.483595
0.258883 -0.924282
1.139400 -1.324562
0.552378 -0.960364
-1.534113 -0.969527
2.212105 -2.086541
-0.742850 1.160868
-0.617518 0.254251
-0.555249 -0.352992
-0.781042 -0.314891
-0.376104 0.220793
-0.576627 1.505787
0.475723 0.654634
-0.171875 -0.427553
-1.924402 -0.070473
-0.380487 -0.121895
0.095977 1.890901
-1.153376 1.472253
-1.209098 -1.867703
1.025750 0.759525
1.114118 -0.155375
0.621045 -0.100544
0.819363 -0.488715
-0.615051 -1.869312
0.202660 1.336157
0.876271 0.528073
-1.502054 -0.712412
0.570537 0.359045
-0.293925 0.210954
-0.516691 -0.668988
-0.670470 0.467868
-0.095294 -0.273388
1.815712 -0.158894
2.162961 -0.450456
0.612369 1.303395
-0.676528 0.831656
1.015600 1.178467
1.155220 1.144769
0.846387 -0.727521
0.945811 0.963750
-0.922876 -0.512292
1.180273 0.349455
-2.135803 0.806013
0.851384 -1.643440
1.516114 -0.970446
-0.934939 0.116287
2.283423 -0.374137
0.102588 -0.363408
0.451257 -1.346334
-0.966508 0.435242
0.617777 -0.179848
-0.102604 0.366221
-0.151040 -0.759041
0.767005 0.674166
-0.373034 -0.329005
2.123142 0.556482
0.064517 0.393133
-0.133487 0.099404
-0.405099 -0.606001
2.306858 -0.520409
-0.347119 0.784750
-0.569759 0.452231
0.826128 0.925669
-0.180869 -1.897934
1.633425 0.175834
0.330089 -0.844919
0.166674 -0.646270
0.726152 0.779083
-0.331588 0.001914
-0.153219 -0.337137
1.278379 0.085778
0.196726 -1.262656
1.616523 -0.763102
0.670447 0.550775
-1.342263 0.103225
-1.450933 -0.985056
-0.727636 0.692089
-2.445584 -0.877172
0.852098 -0.685269
1.149244 2.348487
1.781394 0.990424
-0.037391 -0.057981
-1.223406 -0.029144
-0.587199 -0.332900
0.259438 0.687940
-0.672815 1.326645
0.169135 -0.884873
-1.482769 -1.015589
0.689281 0.691458
-0.783137 -0.029003
0.542173 1.428630
-0.596697 0.455298
-1.010749 -0.102283
-0.489593 -0.209247
-0.423780 0.513955
-0.773105 0.886783
0.190378 1.073914
1.018666 -0.064906
-0.178430 0.029941
-1.289719 2.137292
-1.062680 1.840350
0.868939 -0.514171
-0.489128 1.481929
0.920224 2.166526
1.691594 0.126944
0.127482 -0.175481
-0.383189 -1.532371
-1.071354 1.081980
-1.157555 -0.990223
1.185590 -0.664552
-0.234049 0.761624
0.048784 -0.377902
-1.746463 -0.190009
-0.499290 0.491061
-0.905745 -0.105535
1.706638 -0.217290
1.308791 0.795400
-1.385423 1.575567
-0.993994 -0.370149
0.410193 0.609345
-0.926445 -0.058908
0.354954 -0.152665
0.432797 -1.661303
-0.938481 0.114451
0.063314 -0.610388
-1.047553 -0.919787
-0.471034 -0.016169
-0.825336 -0.545931
0.390590 -0.843816
-0.453008 0.517206
0.653586 -0.721049
0.051818 -0.604820
0.854896 -0.395244
0.807586 1.417828
0.116298 1.422790
0.210445 -1.655812
-0.720559 0.228537
-1.319102 1.784410
1.747301 0.173376
1.056288 -0.163089
2.184568 -1.065137
2.648194 0.557016
-0.560852 -0.242197
-0.367193 1.672557
-1.297190 1.347068
0.278433 0.609396
0.820546 -0.642454
0.265934 0.114948
-2.288566 -0.604781
-2.317210 -0.613060
-0.181434 -0.680911
-0.168397 0.601285
0.438280 0.482905
0.576647 1.460962
-0.402420 1.619140
-0.254462 -1.182277
0.853386 -0.297472
0.399042 1.172227
-1.506173 0.999186
0.429943 -0.188760
-0.722848 -0.426893
-0.465152 0.641996
0.295967 -1.176254
-0.741297 1.320954
-0.205016 -0.659971
0.478474 0.741310
-1.010913 -1.695457
0.683594 0.411204
1.786084 0.187217
0.942365 1.044646
0.140090 -0.057830
-1.576734 2.225052
-0.106579 0.064954
0.052640 -1.012036
1.217366 1.555104
0.128771 0.862911
-1.286153 0.857748
-1.424120 0.453434
-1.269349 -0.179696
0.025913 0.860068
0.711307 0.444673
1.261764 0.426960
2.065307 1.678505
0.595046 -1.749741
-0.022199 -0.860251
0.495736 0.185513
0.159703 -0.353755
-1.958844 0.739281
0.259448 -0.459715
0.153924 -0.075870
-2.397153 0.379114
1.465136 -0.554233
-1.669843 -1.871755
0.779627 -0.239196
-0.484136 -0.580633
-0.193266 0.861336
-0.746327 0.725758
0.372968 1.893082
-0.275789 -0.533798
0.363119 -0.008794
2.253008 1.455739
-0.682934 0.373653
0.199297 0.861228
0.737849 -0.077799
-0.785813 -0.471391
0.088300 -0.618168
-0.364423 -0.928680
-0.149613 -0.381918
0.014982 -0.228405
-2.252662 0.034047
0.179407 0.954813
-0.519889 -0.027487
0.530206 0.063743
0.128958 -0.903956
-0.415478 0.811127
-1.215931 0.144358
1.216668 1.721929
-1.190781 -0.093347
1.586127 0.129531
0.896390 -1.281197
-1.364579 0.174514
-1.407381 0.264935
0.663034 -1.271625
-1.333092 0.300587
0.128317 0.069279
2.608630 0.261530
1.147250 0.174266
-0.888094 0.641102
-1.686394 2.436325
0.125664 0.330030
0.008052 0.533087
-2.411076 1.172620
1.391322 -0.009982
0.086214 1.232039
0.462426 -0.058614
0.402177 -0.142027
-1.499651 0.935263
0.045447 -0.384113
-0.090768 0.076236
0.981174 0.387329
0.677950 -1.494539
-1.092860 -0.990930
-0.139462 0.600546
0.662680 0.668699
1.359168 -0.400682
-1.437434 -0.538817
-0.564698 -0.400993
-0.993537 1.852793
2.175983 1.111429
-1.582213 -1.049480
-1.552828 -1.543689
-0.401995 -0.652074
-0.934561 0.646568
-1.058732 1.059124
0.404274 -0.571536
-0.382732 -1.263651
1.970003 0.970939
-1.217321 -1.628041
0.719323 0.082460
1.418658 1.296034
-0.349494 -0.169343
0.971150 0.049091
-0.303728 -0.143640
0.962164 -0.803057
1.020724 -1.011948
0.998365 0.622075
0.285932 -0.283958
1.084646 -0.696639
-0.254115 0.902762
2.166499 2.490265
2.067307 1.427300
-1.130035 -0.077987
0.676307 -0.429009
-2.294849 0.840456
-0.559757 0.365569
1.547740 -1.074239
-1.229210 1.363662
0.259343 -0.658812
-0.807046 1.525757
-1.783304 0.082877
0.593087 0.909427
-1.144148 0.609456
-1.207644 0.482243
1.112757 -0.147503
0.863879 -2.312034
-0.159838 0.330974
2.161304 0.145081
-1.326951 -1.345694
0.240492 0.911523
2.554897 0.259352
0.752581 -0.245915
0.652224 1.326968
-0.873929 -0.024703
0.113345 0.156062
-1.186970 -1.066327
-0.125153 0.831264
0.104109 -0.549821
0.938761 -0.188036
-0.905344 -0.581922
0.148029 2.057733
0.892744 0.596568
0.733344 -0.405165
1.003116 1.309260
0.851502 -1.325188
-0.793741 -1.216115
-1.440718 -0.059964
-0.253818 0.553789
0.319051 1.139113
1.640106 -0.396319
1.150086 -0.861052
0.550586 0.678770
-0.295443 0.618834
-0.705096 -1.125242
0.389558 1.035545
1.108255 0.901379
0.271146 -0.212232
0.229619 -0.201384
-0.966051 0.866600
-0.508935 -0.379456
-1.307877 -0.490864
-0.187896 -1.359082
0.247707 -0.572944
1.975599 -0.143444
0.497297 0.494835
0.983142 0.255411
-1.473431 1.555190
-0.837363 -1.772697
-0.182364 -0.692092
0.298582 -1.476317
1.276153 1.275841
-1.115638 0.882127
-0.794985 -0.833364
-0.444341 1.949509
-1.142064 0.475327
-0.378434 -0.504252
0.489905 -1.295297
-0.105681 -1.982892
0.003107 -0.621265
0.303153 0.356771
-0.937081 -0.707763
0.539781 -1.316361
2.123792 -0.201020
-1.959619 -0.664054
-0.049403 0.816269
1.181722 -0.798557
-0.456523 0.016207
-0.120709 -0.068944
0.206030 0.103140
0.095603 -0.790735
1.895010 0.379196
0.667238 -0.894497
-1.290863 -0.700205
0.550880 0.350248
0.259870 0.089665
0.598300 -1.061707
1.191947 -0.610861
1.301974 0.487554
-0.986705 1.427663
-0.571657 0.598486
0.385829 -0.127578
-0.586671 0.907663
0.187905 0.104151
0.057957 1.186002
-1.475966 1.095453
-0.034281 -0.226491
0.672360 -0.815686
-0.943086 -0.896549
0.246508 1.564893
1.824620 0.833266
2.388608 1.726500
-0.278901 -1.011043
0.360230 0.395516
0.589594 -0.177225
0.434255 1.052597
0.227236 -0.050681
-0.725522 -0.580734
1.302350 -0.553906
0.696238 -2.158903
-2.265555 0.153920
-0.783171 0.533165
-1.892102 0.746703
0.752776 -0.071524
0.359214 1.212249
0.534473 0.361055
0.256784 -1.483065
0.847291 0.596677
-0.191357 -2.111421
-0.658278 0.652422
-0.117851 0.507693
0.282451 0.133768
0.019817 -1.360696
-0.286132 0.236734
0.883321 0.374482
1.002550 -0.515715
0.540704 0.429416
0.265560 -0.611331
-0.109440 1.366019
0.061787 0.738205
-0.250984 0.415351
-0.351932 -0.096673
1.016689 1.453925
0.414930 -0.710354
-1.118496 0.004737
-0.543014 -0.683951
-0.683526 0.865510
1.592691 0.088035
1.175789 0.325573
0.642284 -0.845521
-0.041706 -0.384733
-0.214408 -0.126020
-1.412357 0.618254
0.996910 0.335442
1.092763 0.109006
-1.659864 2.093539
-0.174230 0.406575
-0.216182 0.502966
1.259037 -0.999602
0.320932 -0.463806
-0.220585 0.726213
0.338328 0.196030
-0.927330 0.237506
0.616808 2.064709
0.218093 -1.418682
-0.704742 1.044589
-1.346432 -0.154361
-0.946547 1.484282
1.281491 -0.171348
-0.798858 1.617326
0.600274 -0.514242
0.023007 0.993892
-0.871593 -0.063854
0.681191 0.556659
0.954636 -1.188212
-0.557656 -0.515729
-0.331297 -0.473113
-0.843670 -1.469967
-0.905977 -0.268024
-0.068205 0.857600
-0.902686 0.603692
0.030678 0.426088
-1.357027 -1.289365
-0.308161 0.264894
-1.299504 -0.403007
-0.497632 0.925417
0.594817 0.653896
0.752189 1.652497
-1.664538 0.703424
-0.121794 1.659514
0.063731 0.446929
0.524881 -0.745218
-0.395770 -0.860130
-0.563152 0.388158
-0.121433 0.366199
-1.018294 -0.219855
0.983671 -0.267931
-1.014319 0.232362
-1.031725 2.165900
0.488001 0.452893
-0.513116 -0.877129
1.392452 1.225871
-0.341725 1.294455
-1.951619 2.374108
0.194129 1.838157
0.933885 0.245995
-0.390813 -1.132677
1.352419 0.786373
-1.360937 -0.209786
1.171065 0.420725
-0.085678 -0.456548
0.853763 -0.578077
0.431130 0.323246
0.134895 -0.496612
-2.485026 0.118909
0.437725 -1.118949
1.129411 -1.325585
0.454876 -0.093100
0.106359 1.311603
-0.818119 -0.163524
0.641621 0.261630
1.679170 -0.114090
2.097434 -0.593234
-0.983741 0.432611
-1.944720 1.155821
1.697124 -0.507681
0.015472 -0.686343
-0.697250 -0.341906
0.267489 -0.211616
-0.720324 -0.525212
0.064613 -0.413616
0.509345 1.457600
0.822702 1.393118
0.569613 -0.807246
1.406552 -0.906933
0.468956 1.461148
-0.595131 0.150560
1.357066 0.109603
1.052716 -0.651435
0.425426 0.241444
0.503952 -0.540551
-0.200887 -0.331017
-1.345989 -0.573274
1.483181 1.043412
-0.642126 2.470438
1.026676 -0.168676
-0.634276 0.923287
0.362189 -1.418383
-1.228850 1.659739
-0.482250 -0.363511
-0.448632 0.947764
0.390157 0.402070
0.311800 1.783139
0.148255 0.158076
1.734667 1.872823
-0.527863 0.939476
0.173938 0.133070
0.911398 -1.043268
0.497068 1.990574
1.934805 -0.014253
-0.270344 -1.781621
-0.037712 -1.813388
-0.938452 0.554937
-1.020347 -0.432407
0.639165 -0.568233
-1.070800 -0.246745
0.186629 0.378141
-2.359509 0.554844
-0.579722 0.740455
-0.462447 -0.078732
0.376292 1.462863
-0.625803 -0.471266
0.763211 0.609988
-0.513350 0.890503
-1.414360 -0.945375
0.337993 0.147506
-1.805220 -0.568391
-1.157022 -0.646198
1.158219 0.260112
3.135959 1.489304
-0.260235 0.853989
1.122226 -1.107279
-0.385436 0.147923
2.649514 0.519809
0.367887 0.319780
1.022226 -1.392561
2.014712 1.429119
-0.427916 -0.818885
0.595178 0.553731
-0.957944 0.528598
0.925742 0.187033
0.318749 -0.790837
0.768013 0.790871
-0.111563 0.700941
-0.230705 -2.216683
-1.564691 -1.004069
-0.472615 0.076844
-1.742939 -0.757360
0.320656 0.240339
-0.592266 1.509769
1.679083 0.120906
1.386661 -0.522750
0.397774 -0.832267
-0.285438 0.745374
-1.562955 -1.821884
-1.889765 0.615599
0.122657 -1.802906
0.583648 -0.910816
0.633394 -0.467458
0.239306 -0.512818
2.024110 -0.083449
0.345901 0.732969
0.093883 0.676138
1.448199 -0.429437
0.162633 -0.956489
-0.737323 0.645325
-0.581360 -1.080168
0.060657 1.056955
-0.456742 -1.249453
0.569217 0.376448
0.906969 -0.883190
-0.449774 -1.954487
0.758787 -0.956415
1.187950 0.573650
-0.470470 -0.593675
0.171850 -0.950118
-0.311375 -1.317716
-0.274275 0.009528
1.388129 1.660347
-2.739908 1.117399
-0.689121 -0.778574
-1.173199 -0.515096
0.880913 1.493020
1.040708 -1.405014
-0.995019 0.433133
0.498182 -0.893479
-0.119076 -0.100736
-0.013387 0.417002
-0.716229 0.529973
0.230623 -0.049712
-0.651573 -1.391710
-0.785031 0.387965
-0.258386 0.943948
-0.394421 0.268363
0.994326 0.176410
-0.433027 -1.037970
-1.889579 1.128454
0.311580 0.171762
2.367052 0.774453
0.808772 1.092757
0.099631 0.360382
2.565374 0.289997
0.063730 1.703174
1.415368 -1.119613
-0.324622 -0.654614
2.344339 -1.190403
0.554466 -0.166409
0.009416 0.373475
-2.017095 -0.499105
0.496486 0.993778
-0.978077 -0.113609
0.371026 1.304742
0.045133 0.256776
0.224419 -0.583403
-0.387454 -1.064035
0.205535 -1.060151
-0.088398 -0.624268
-1.233075 -0.148923
-0.286328 0.249236
-0.887753 0.109752
1.010552 0.430393
-0.904797 -0.348042
0.055512 -0.204410
0.068633 0.049869
-1.690140 1.284905
-2.187146 1.110463
-0.774991 1.882517
0.612745 1.794572
0.751152 -0.039525
-0.407571 0.768492
1.287974 0.946450
0.253449 2.082627
0.422998 0.475781
0.591686 0.835577
-1.452702 -1.169738
1.028084 3.695767
-1.282030 -1.144821
-0.433557 0.674464
0.186675 -0.247192
-1.374618 -0.414054
1.082118 1.038053
0.229665 -0.435524
0.074876 0.118517
0.205430 -1.475742
1.445872 -0.091103
-0.110988 -1.611563
0.878652 0.333534
0.023692 1.142266
-2.868067 1.554961
0.079932 -0.027615
0.414620 -0.378873
-1.741090 0.683086
-1.454835 0.284451
1.527229 1.261045
-0.434159 1.364523
-1.297989 -0.297105
2.190393 -2.422233
-1.868000 0.969278
-0.067373 -1.176173
-0.084051 0.002060
-0.310841 0.246034
1.282286 -0.491666
0.047860 0.906909
1.479878 1.382117
0.805176 2.270272
-0.641228 -1.450987
0.095380 -2.515211
-0.907221 0.717288
-0.238131 0.602054
1.594640 -0.400339
0.255997 -0.138266
0.478121 0.096332
1.065341 0.627437
-0.446711 -0.610641
2.912275 -1.933209
1.149871 -0.350068
0.277099 -1.711319
1.212051 -0.350937
1.235915 -0.150289
-0.011729 0.192348
0.589080 0.683664
-0.156809 -0.437200
-0.971024 -1.505913
2.986297 -1.663374
0.864601 -1.095122
-0.139887 0.726310
-2.556646 0.382679
1.017612 -0.117255
0.526098 0.139054
0.358182 0.934947
-0.450475 1.342926
2.347353 -0.641190
-1.466934 0.844534
1.193462 1.688874
0.064704 -0.886159
0.483097 -0.509057
0.988487 0.259922
0.914005 -1.460797
0.490136 -0.327169
0.977302 -0.121319
0.772229 0.082852
0.443144 1.769888
0.003079 -1.366127
-0.144847 0.066338
0.430835 2.850495
0.580468 0.018446
-0.861389 0.975965
0.007479 -0.573516
1.739318 -0.425745
-1.304345 -0.283752
-1.614681 0.467753
1.175384 0.730406
0.070454 -0.845221
1.072640 1.853022
1.637033 1.047517
-1.110901 1.486076
-0.139851 -0.440859
-1.702839 -0.019212
-1.860965 0.125944
0.138122 -0.558167
0.578409 0.775871
-1.558763 -0.116617
-0.936161 0.492009
-0.390097 -0.938533
0.123135 1.414029
-0.159925 0.778378
1.210358 0.278782
-0.891255 0.488608
1.536272 0.811921
-0.457349 -0.451332
-1.024275 0.398478
0.053276 1.614724
-0.522873 -2.060773
2.797788 0.513151
-0.584652 -1.708588
0.442336 -2.279467
0.665244 -0.222903
0.441024 0.767924
1.329895 -1.139863
0.137940 1.137956
-0.863301 0.042547
-0.398678 -1.258883
-1.639820 1.338249
0.951494 1.117679
-0.625155 1.332609
-0.051366 0.464883
-0.277132 0.977750
1.165767 -2.093976
1.218399 1.092764
-0.040941 2.311868
-0.452416 1.041764
-0.735369 0.319885
-0.724695 -2.841539
-0.701988 0.308537
-0.086396 0.566893
0.043963 0.664041
-0.786790 -1.653089
0.022579 0.389966
-1.467456 1.197650
-0.930419 0.718951
0.723318 -0.789017
1.034298 -0.770793
1.422206 1.625952
0.374169 0.224483
-1.900759 -1.257592
0.918135 -0.018113
-0.305676 1.701418
0.781848 -0.049502
1.609012 0.781846
0.565386 1.156506
-0.025799 -1.750741
0.619231 -1.786916
0.931594 -0.582968
0.481020 -1.370071
0.256486 -0.974095
-0.183137 0.173191
0.219427 -1.076241
0.988486 -1.057248
-0.662215 0.826743
-0.096646 1.827375
0.804024 2.020585
0.672921 -0.353004
-0.525284 -2.058055
0.278090 0.089964
-1.597503 0.169001
0.634642 -0.184385
0.826323 0.490678
0.724896 0.006090
1.083098 -1.850023
-0.863994 0.256624
0.192709 -0.958198
1.069238 1.025886
0.992556 0.255392
-1.159508 -0.209504
0.718067 -1.519148
0.111862 0.089099
-0.805555 1.250733
0.749659 1.168522
0.611598 1.061258
-0.658009 0.253535
-0.479642 0.966712
1.249732 0.447542
1.279643 -0.819129
-0.498421 -0.369806
-1.245926 0.530856
-0.692804 -0.510342
-0.121016 -1.824143
-0.702080 -0.273673
0.141875 0.932346
0.927381 -0.396963
-1.847882 1.091270
1.250587 -2.260673
-0.907759 -0.622987
-0.422825 -0.514860
-0.101235 1.402545
-0.903679 -0.585335
-1.391938 0.892290
0.048608 -1.072959
0.318047 2.081043
0.721465 -0.500514
2.217433 -0.225829
-1.503651 -0.249672
-1.486016 -0.949878
-0.606383 -0.151618
-2.115229 1.241953
0.749597 -2.311642
0.834131 0.708787
-1.726785 0.353281
-0.424974 -0.547581
-0.123590 0.274850
0.905237 0.891537
-0.052612 0.102741
0.410642 -0.335916
-0.227184 0.824348
0.213048 0.200009
2.047814 0.817899
1.986456 -1.458162
1.484816 -2.223585
2.336997 1.167244
0.751692 -0.422966
0.859916 -0.456733
0.065050 2.457623
-0.561461 1.840344
-0.357723 0.979852
-0.385935 -1.208502
-1.277063 -0.650388
-1.066238 0.958873
-1.374664 0.596480
-2.057557 0.838279
1.125371 -1.062761
-1.296870 0.512610
0.923493 0.806382
0.443528 0.646878
1.001204 -0.949617
-0.366398 -0.879358
0.388442 -1.198246
-0.146494 -0.967465
0.315451 -0.590815
-0.664275 1.178518
-0.122401 -0.374208
0.533335 1.090576
2.401916 -0.426633
0.452584 0.732235
1.100460 0.071368
-0.731427 0.850670
1.322585 -1.224543
-0.434794 1.060195
1.616994 0.198015
-1.530346 -0.590784
-0.457775 0.169970
-1.165036 1.294382
-0.425835 -0.821433
-0.678925 -0.442234
-1.156919 1.517040
-0.220017 -0.650277
-1.511414 0.435823
-0.873717 0.074082
-0.034546 -0.923795
1.512824 1.733220
2.579873 -0.030601
1.814808 -0.266214
0.708338 0.570492
-1.322041 -0.826984
0.617830 -0.860177
-1.014130 0.743764
0.166656 0.083472
0.219754 -0.937056
-0.591922 0.103509
-0.774532 -0.519672
-1.801975 -1.634375
1.714818 1.052486
-0.380203 0.052625
1.113423 -1.004642
0.557302 -1.080091
-0.312240 -0.360152
0.074386 -1.325394
1.291244 -0.446794
-0.936664 0.162632
-1.013410 -2.172876
0.967732 0.576425
0.556555 1.154150
0.385335 1.558635
1.208935 -0.595235
-0.124711 -0.971614
-1.378300 1.869130
0.022470 -1.001874
1.765314 -0.758783
0.866436 0.897112
-1.160792 0.217618
0.989241 0.690676
-1.688253 0.302680
0.274316 1.207775
0.278653 0.502522
-0.077316 -1.558950
-0.074481 0.898125
-0.596456 -2.176901
-1.036730 1.392558
0.985908 -0.717765
-0.562273 -0.393910
0.393884 0.886513
0.245292 1.045557
-0.186161 1.343687
-0.072589 -0.431796
-1.658722 0.648136
0.721213 1.512772
0.669393 -1.589971
-0.194379 -1.538054
0.186843 -0.631208
-0.750584 -0.387289
0.567211 0.164837
-0.379755 -1.202827
-0.163850 1.566279
0.163230 -0.209017
0.242056 -0.857573
0.413986 -0.474825
-2.705278 0.856912
0.219574 2.407755
0.952312 1.468816
-0.315160 -0.658199
1.029747 0.448709
0.846040 0.460767
-0.337426 0.224002
0.117222 1.563355
2.227208 -2.367354
1.007671 -0.532700
-1.899568 -0.492740
-0.283341 0.141255
0.062799 0.642115
0.935131 -1.554646
0.784084 -0.024874
0.253175 -0.025157
-0.523526 -1.197975
-0.847087 0.477562
1.327473 -0.826743
0.492160 -1.326171
-0.917374 2.278621
-0.455515 -0.403416
-0.667411 0.122994
-1.016794 0.510658
1.166958 -1.509145
-0.030535 1.020756
1.029977 0.664342
0.124232 -3.353093
-0.591618 1.177585
-1.642046 0.418186
0.291634 -0.141649
1.258960 -1.027274
0.453002 0.215505
-1.166038 -1.971365
-0.223616 0.568486
1.490852 -0.994291
-0.398555 2.447422
0.246863 1.438137
-0.042809 -0.716198
1.249391 0.054537
0.964175 0.560020
-0.657995 -0.797756
-0.666445 -1.421183
1.914372 -0.246173
-1.000268 -0.201298
-0.949701 -0.393772
-0.119209 1.723358
0.046831 -0.064475
-1.280695 -0.981417
-0.104437 -0.053773
-1.624833 1.781971
-0.046728 -0.860342
-0.754327 1.151128
0.274742 0.111577
-1.979722 0.659712
-1.398333 -0.441033
-0.621407 -1.639890
-0.914162 0.412791
-0.210520 0.816382
-0.777827 -1.153027
1.079948 0.174170
-1.426785 -0.091854
1.582612 1.335272
0.995919 0.746093
-0.391358 0.294108
0.687260 0.031225
0.075345 1.553488
0.834233 -1.109815
-0.846602 0.129478
0.256075 -0.078186
-0.388412 -0.237514
1.678103 2.009772
0.786122 1.605908
-1.025311 0.329228
0.451768 -1.655306
1.282649 -0.727310
1.812350 2.205649
0.137285 -1.527607
0.143852 -1.269379
0.298742 -1.140753
0.418193 -0.172988
1.471906 -1.853873
0.251625 0.270224
-0.627527 0.996878
1.197606 0.571794
0.092598 -1.875299
-0.316161 0.787605
1.800053 0.490673
0.530892 -0.069501
1.591933 -1.968583
0.090050 0.273611
1.226763 2.090215
0.096203 -0.125237
-0.319554 1.221212
-0.521731 2.349380
1.347404 0.948844
-1.373046 -1.048858
0.195839 -0.128806
1.390503 -0.206185
1.409910 -1.333696
0.218566 -0.030410
-0.099553 -1.908983
-1.075298 0.644195
-1.354374 0.175045
0.596648 -1.127107
-1.069721 -1.238172
-0.605939 -0.192918
-0.599012 0.302360
0.905101 -0.126081
-0.321649 -1.635979
-0.026862 -1.864455
0.052004 -0.364383
-0.470894 -1.882824
-1.586297 1.689081
-0.607697 1.393770
0.634066 -0.056419
-0.045940 0.128031
0.065044 -0.368268
1.255421 1.269088
0.543249 0.654820
2.209796 -0.518913
0.595367 -0.489714
-0.538787 -1.257965
0.431371 0.927478
0.116254 -1.060473
0.706196 0.053339
-0.990392 1.862553
-0.245591 0.361531
0.319065 -1.881883
-1.176968 1.828906
0.457237 -0.426006
0.376021 0.349257
1.214349 0.922707
2.324391 0.432774
1.020829 -0.446271
-1.052747 -0.795268
-0.969964 0.194517
0.197447 -2.035149
0.399038 -0.452909
-0.946164 0.403859
-0.133323 -1.491968
2.397347 1.272747
1.332758 0.800260
0.581823 0.426287
-1.603338 -1.230240
-0.963252 -0.374446
1.089684 2.232565
1.083164 0.929768
0.298741 -0.077429
-0.979518 0.612057
0.117040 -0.828744
0.053774 -0.744221
1.191783 -1.414598
-0.912966 -0.743465
0.111329 0.632115
0.132259 -0.695226
-0.111711 -0.375862
0.035088 1.309253
-1.201203 0.355166
0.385458 1.930889
1.550128 -1.335710
-1.180596 -0.445055
0.351185 -0.047387
-0.119426 -1.286121
-0.843925 -0.017435
-0.780046 0.229119
1.437622 0.153945
-0.539326 -0.285182
-1.454638 1.162855
0.801828 0.821732
1.238359 0.188048
-0.128658 -0.236003
-0.056348 0.400542
-0.374852 -0.959324
-0.131614 1.495312
1.207796 -0.717041
-0.072124 -3.288562
-1.027161 -1.251788
-0.250600 0.720043
-0.960807 1.479291
0.142829 0.632718
0.173676 -0.681352
2.049297 -1.000392
1.741959 0.139387
-0.558677 -0.045446
-0.729492 -0.230268
-1.045420 0.901444
0.703598 -0.067724
-0.640399 -1.284071
-1.061570 0.748795
-0.694781 0.754741
-0.313156 0.732808
0.179065 1.709912
1.150325 -1.170878
1.263272 0.582322
0.640148 0.252651
0.534791 0.958194
-0.548941 -1.216681
-0.670825 -0.862177
-0.842981 -0.397931
1.724289 -0.698013
-0.592268 -0.626934
-1.278297 -0.329372
0.736097 -0.737532
-0.078087 0.176928
-1.393715 -0.436919
-0.915672 -0.279272
-1.075604 -0.701708
-1.300711 -0.233826
0.468387 -0.052614
0.560327 1.004292
-0.343846 0.444157
0.381474 0.521303
0.235478 0.123498
1.047913 0.705513
-0.951863 -2.496165
0.519317 1.149367
0.493296 -0.496742
-1.100929 -0.815635
0.394095 1.085161
-0.518620 -0.366553
-0.010104 1.074206
0.213549 1.264950
-1.725138 1.126355
-0.770066 1.041096
0.388585 0.457203
0.475098 0.621285
-1.295578 -0.057048
-1.228940 -1.224101
0.526599 1.547741
0.507902 -0.853438
-0.552128 0.233690
0.613000 0.135618
0.814250 -0.791819
-0.734613 -0.129072
0.440515 1.156817
-0.251456 -0.357372
1.154186 -0.646486
1.523361 -0.169100
0.587897 0.816242
-1.286177 0.554426
0.914968 -0.270881
1.116170 -0.924159
-1.508003 0.039932
-0.495959 -0.906419
0.106774 -0.139301
-0.976465 0.389442
0.463455 0.136790
0.021786 1.473252
-0.099076 1.381265
0.110866 0.705396
0.738819 0.457785
-0.511854 0.444542
0.308995 1.358655
-1.269533 1.548662
0.074770 0.289041
-0.047891 -0.645288
0.765613 -1.386063
1.079184 1.501694
0.594504 -0.817631
-1.051229 1.259296
2.048841 -0.388772
0.557477 1.482924
0.706215 -0.268657
0.865689 0.065887
0.336392 -0.543540
-0.992858 -0.976269
-2.464443 0.235232
-0.623465 0.406948
1.105857 -0.649927
0.539870 0.527187
-0.621547 0.792879
0.356267 -0.935709
-0.034197 -2.729241
0.374963 0.025028
-0.427197 0.641865
-0.835450 0.629827
0.737697 -0.743045
0.603651 -1.171086
-1.392626 -0.332557
0.621641 0.590365
0.734676 -0.116707
0.656454 1.074129
1.098657 -0.899279
0.886772 0.994080
1.025690 -1.162319
1.772226 -0.523345
0.666864 -0.784631
0.419186 1.314960
1.863213 -1.150473
-1.641257 1.150745
0.160202 -0.137369
0.080958 0.413751
-0.063819 1.075556
-0.968660 0.108714
0.193684 0.421724
1.311147 0.372522
0.611779 0.603623
-0.927586 0.347415
0.605899 0.287699
-0.479207 0.365538
0.921141 -1.170156
0.324490 -0.926897
0.686307 0.286837
0.606153 -2.774379
0.545434 0.581885
1.553258 -0.472368
0.223263 -0.127647
-0.416096 -0.042394
-0.722272 -0.512073
1.298557 -1.179241
-0.639173 -0.688568
-0.929460 1.720007
-2.146720 2.103340
-0.455222 1.281407
-1.671150 0.340520
-1.388151 0.038101
0.088747 1.293340
-1.297263 0.480716
0.029851 0.049392
-0.488802 1.806796
-0.234885 0.003863
-0.024418 0.354636
-0.853092 -0.891434
-2.442288 -1.157819
-0.646806 0.423777
-1.471492 -0.908236
0.237714 -0.674708
0.595808 -1.745366
0.345599 1.369334
1.353544 -0.752844
0.571549 0.632515
-0.793152 -0.149934
0.743682 1.190562
0.049015 -0.021848
-1.131955 -1.855254
-1.323158 -1.922323
0.060084 -0.582194
0.743551 -1.000934
1.154853 -0.970902
-0.524169 0.805029
0.355783 1.622391
-0.321924 0.449655
-0.556425 1.080637
-0.735006 0.625333
-0.632027 -0.354372
1.020832 0.494629
-0.942473 -0.964325
1.417607 0.416482
-0.275565 -1.528148
-0.215534 -0.348220
-0.788254 -0.899623
-0.655398 -1.689667
0.364992 0.017062
0.416720 -0.072789
-0.310429 1.878626
0.657712 -0.073289
-0.191438 0.471001
1.568947 -0.520183
0.493584 -0.699521
-0.052417 -0.418740
1.169526 0.886936
0.677963 1.320082
-1.179490 1.907617
1.102605 -0.533856
1.510876 0.445915
-0.875393 1.757121
0.196532 0.755074
-0.890153 -2.200562
-0.806426 1.082152
-1.026269 -1.290002
-0.335350 -0.139793
0.156290 0.677293
-0.237678 -1.180596
-1.773214 0.766044
0.403179 0.638138
-0.916219 -0.870718
1.019538 -1.006129
0.289449 1.892708
-0.022612 0.398381
1.065562 2.948775
0.256858 -1.034261
3.061689 0.450199
-1.280627 0.020056
0.767386 0.620174
-0.970178 0.218271
1.382008 -0.436246
0.868898 0.593987
0.065321 -0.669859
0.253052 0.580130
-0.222978 0.275255
-0.266082 0.521844
-0.086946 -0.032621
0.796035 1.098811
-0.192603 -1.015446
1.420023 0.798182
-0.840053 0.545634
-0.375534 0.041667
0.385635 -2.144734
0.363299 -0.889066
-0.367690 0.234939
0.263145 0.795120
1.665090 0.828436
0.336118 -0.311563
1.112394 -1.004813
-1.216425 -2.257946
0.405730 -0.142899
0.274683 0.526125
-0.838531 -2.120271
-0.770592 0.802280
2.563735 -0.232442
-2.093693 -0.114252
-0.205778 0.105316
1.175639 -0.730557
-1.315348 0.452183
-1.045672 -1.366824
1.429977 -0.447883
-1.633606 0.350289
0.381139 0.221755
0.710212 0.143547
-0.282801 0.854517
-1.117729 -2.471124
-0.449146 -1.354928
0.355597 -0.197649
-1.653567 -1.930307
0.350238 -0.851691
-0.345394 -0.176558
-0.602824 1.096073
0.347274 -1.692979
-0.122720 -1.452716
2.453471 -0.924706
1.277171 2.462499
-1.541296 -0.896068
-1.552443 -0.629868
-0.589783 -0.831045
-0.527531 2.216126
-0.229058 0.340046
-1.401002 1.481128
-0.632118 0.177685
-1.103832 -1.642315
1.348606 -2.036140
0.164008 0.787034
-2.291368 -0.475741
1.323914 -2.974161
-0.572920 -1.037353
1.339591 -0.095128
0.503106 -0.790762
0.396609 -0.566825
-0.576898 0.945564
-0.721605 -0.991056
-0.071165 -0.202494
-0.585862 -0.530334
0.496547 0.115863
-1.250399 -0.312380
0.247682 0.087995
1.210354 -1.437343
-1.910805 1.581086
1.023848 -1.052590
3.168455 1.198205
-1.067614 -1.024008
-0.358762 0.542879
-0.127242 0.086048
0.782378 -1.814250
0.363464 -0.082676
-1.181947 -0.520517
2.027826 0.371165
-0.905693 -1.161964
0.753556 -0.595789
-0.609840 1.477556
-1.474555 1.419622
-0.070481 0.614958
-1.776691 -1.113091
0.254584 0.297530
0.639262 -0.309113
1.310133 0.398001
-0.380107 0.126863
-0.194725 -0.757762
-1.716739 -2.418790
-0.001985 0.771011
0.007025 1.368088
-0.324372 -0.719497
-1.510840 -0.125862
0.354377 0.096738
0.741985 -2.072564
-0.894521 0.873919
-0.523836 -0.614083
1.636004 1.818637
-1.419741 1.079138
-0.151745 -0.550883
1.184104 1.273296
1.936397 0.637382
1.662442 -0.999040
0.412792 -0.105037
-0.482704 0.597443
-0.894325 0.133427
0.991051 0.091651
-0.293530 -0.189894
0.735348 -0.636081
0.668672 1.936763
1.007954 -0.476740
0.876659 0.167193
-1.401780 -0.326915
-1.031315 -0.094518
0.988004 -0.306343
1.296423 -0.480361
0.825007 1.186997
-0.312761 2.023779
-0.680004 0.033375
-0.660677 0.185616
-1.652055 -1.003514
-0.059341 -0.817951
-0.054320 -0.459115
0.932919 -0.088028
-2.385673 0.236900
0.872415 -1.450540
-1.543022 0.226245
-1.061003 0.206562
-0.065014 0.613381
-1.504548 1.410656
1.905853 0.681571
0.854226 0.614071
0.656796 0.370655
-0.401295 0.991419
0.487237 0.788730
-0.532133 0.266106
-0.401712 1.330559
-1.119486 0.841253
-1.020118 1.109206
0.869066 -0.265541
0.515263 0.098796
0.293939 0.598660
0.844553 1.382042
-0.297133 -1.130791
1.377336 2.240895
1.420493 -1.719408
0.960099 0.696683
-0.698295 -1.166266
0.594317 0.440778
1.032147 -0.356174
0.334462 -1.152906
-0.274620 0.863412
0.815135 1.316238
-1.583074 1.084968
0.680968 -1.032663
0.465026 -0.100031
-0.294083 -0.642973
-0.369500 -0.202009
-0.454724 1.356368
-0.538902 1.120823
1.029888 -0.051291
-1.268304 -1.064150
-0.141079 -1.326659
1.405602 -0.371016
1.497337 -0.251935
1.445857 -2.383304
1.219984 0.276096
0.567184 0.772857
0.752869 0.325689
0.426437 0.396805
-0.773412 0.451125
0.359521 -0.661734
0.261711 -0.644318
0.929999 -1.092346
-2.225107 -0.587850
0.724888 -1.035354
1.706042 1.211667
-0.444757 1.332324
-1.416356 0.472340
-1.065366 1.281289
0.641989 0.586215
1.651329 -0.582221
-0.649429 -0.101617
1.639188 0.002938
-0.389376 -0.347083
0.231677 -0.456068
0.528624 0.367193
-0.703175 0.792149
0.043828 -0.921641
0.288022 0.722381
1.039154 0.250526
1.083132 -1.456222
-0.692410 -0.797684
-0.881832 0.363535
1.063836 -1.407089
-1.670387 -0.151707
-1.180389 -1.146598
-0.894429 -0.809174
-0.549545 -0.883789
0.447170 0.730235
1.049783 0.898853
0.676813 1.373749
0.414655 -1.388009
0.367617 -0.576157
-1.161118 0.655713
-1.973730 -2.852790
0.125297 0.271045
-0.085371 1.209159
-0.762614 -1.468691
-0.477281 0.170372
0.196102 0.868195
0.343962 -0.539952
-1.985768 -1.345975
-0.845505 -0.468387
-0.416839 -0.421102
1.215104 -2.740618
-0.256791 -0.625134
0.633577 -0.483476
0.404432 2.034498
-0.258398 -0.792954
0.864073 -0.413640
0.833282 -1.223353
2.587760 -1.211102
-1.157000 0.050635
-0.280400 0.384982
1.200990 -1.098919
-0.273587 -1.407561
-0.252754 -0.601733
-2.500724 0.752325
-1.574061 -1.105624
-1.061727 0.041691
0.855672 -0.239370
-0.599238 -1.234564
-0.739394 1.673064
-0.033703 2.232166
1.343281 1.712762
-0.956017 0.826575
-1.283608 0.709241
2.047077 0.453138
0.225208 0.923270
0.558427 -0.047823
-0.431375 -1.453185
-0.341053 1.611238
1.431626 -0.843406
-0.459083 0.616483
1.841872 -0.186740
-1.135944 1.023533
-0.126355 0.500528
-0.085565 1.301053
0.029425 -0.372724
1.119930 0.632456
-0.291327 0.136268
-0.273274 0.466112
-0.696444 0.873413
-0.777561 -1.740359
0.052183 0.866395
-1.261432 1.032381
0.353688 0.773386
-0.528731 -0.610855
-0.341818 -2.129809
1.099613 -0.040670
-0.857053 1.832574
-0.506343 -0.587532
0.485858 0.066853
-0.690346 1.058794
-0.415176 0.997478
-0.045917 -1.671535
0.787975 0.667491
-1.135031 1.805983
0.491092 -0.908336
0.469511 -0.461695
-0.276699 -1.228084
0.289202 -0.611712
-0.254603 -0.999117
-0.663915 1.131561
-0.641571 -0.860554
-0.533908 0.226175
0.657480 0.334464
1.901767 0.152353
-1.285968 0.534726
-0.049975 0.417270
0.568016 0.681320
-0.441704 -0.328905
-2.316309 -2.719102
-0.528215 0.401263
-0.639612 0.234024
0.524251 -1.804227
-0.273637 0.324975
-0.014373 0.318265
-1.480439 1.298529
-0.480493 1.345804
0.521717 -0.446623
-1.393131 -0.846968
-1.176312 0.702574
0.041404 -1.346142
1.385026 -0.063915
-0.781127 -0.071688
-1.042666 0.107433
-1.686016 0.762698
1.557423 0.186102
1.608134 -1.732845
-1.524057 0.215014
-0.493929 -1.858197
-1.174414 1.277857
-2.236090 0.948663
0.968095 0.016759
-0.704809 -1.778254
-1.775458 0.735198
0.286058 -0.295389
-0.213479 0.523441
0.320078 2.566344
-0.835867 -1.830355
1.127418 -0.198151
-0.797056 -0.707719
-0.435021 0.117897
-0.512591 0.154715
-0.228727 -0.315429
-1.788925 0.322234
-0.913494 -0.860869
-0.943872 1.709935
-1.851508 0.355661
-0.547317 1.091918
-1.359155 1.017475
-0.125405 0.578456
0.288068 -0.092789
-0.085722 0.500966
-0.485121 1.245235
1.539679 0.650449
0.927687 1.175760
-1.910542 0.101770
0.598415 0.141814
1.440811 -0.401064
0.469575 -0.896483
0.768703 -1.416818
0.216177 -0.140956
-1.028236 -0.410797
-0.190318 -0.430409
-0.099252 -1.251966
1.536234 -1.556769
-1.931423 -0.062933
-1.898054 0.406221
0.459324 0.776699
0.283911 1.868396
0.286726 0.325892
0.584441 -0.211933
0.044732 0.727223
-0.220224 0.920429
0.688240 0.632289
-0.180030 0.535272
0.501540 -0.168389
-0.167445 -0.525520
0.397417 -1.873560
1.229545 0.684363
0.126702 0.987047
0.038977 -0.677486
0.696534 -0.467254
2.678948 -0.133908
-0.747221 1.206042
-0.464795 -0.031461
-0.631188 -0.701625
-1.561409 0.142205
-0.183679 -0.178903
1.013077 -0.430988
1.744483 1.784365
0.435344 1.252216
-0.195504 -0.142222
1.277648 0.032472
0.260203 -0.140084
0.572913 0.380281
0.607005 -0.106266
0.518294 1.518827
-0.591531 1.438174
-0.549058 2.099852
0.522050 0.950134
-1.632915 1.020926
1.798120 2.581135
1.497767 -0.703020
3.084210 0.055465
0.167212 -0.915394
-0.601650 1.762159
0.166562 0.913381
-0.534856 -1.013736
0.962262 -1.816837
-1.421878 -1.357456
0.215405 -1.273906
-0.918430 -0.215154
-1.426866 -0.584770
-2.352166 1.310694
-0.399873 1.185010
0.279787 -0.682047
-1.431005 -0.877207
-0.376392 0.884423
-0.514209 -0.497233
0.419307 -0.475521
-0.137651 -0.468471
1.294162 -0.072136
-1.150236 -0.684205
-1.034100 0.352427
-0.125050 -0.577487
0.450143 -0.348113
-0.015936 0.242183
-0.319233 0.436401
0.261707 -3.139146
-1.782123 -2.046001
-0.099655 0.755471
1.358176 1.140037
0.052370 1.766828
0.705839 -0.506264
-0.858351 -2.475419
-0.506226 -0.694258
0.644883 -0.433202
-0.540206 -0.903449
0.019014 -2.247823
2.249943 2.165389
0.822342 0.605684
2.144903 -1.028156
0.829030 1.083832
-0.816486 -1.084344
1.550399 0.452492
0.735299 0.365505
0.883323 -0.762434
-1.608376 1.395451
-0.402384 -0.555975
0.211398 -0.411752
2.452675 -1.218493
-1.237996 -1.542173
-0.318281 -0.878713
1.028502 0.726999
-0.049105 0.494133
0.990009 -1.871048
0.151494 1.004974
-0.030685 0.097097
-0.603398 0.895448
0.841284 0.982174
0.906140 0.705332
-1.145060 1.973551
0.065009 1.463757
-1.284078 0.556522
-0.414494 0.459702
-0.754984 0.748843
-0.020045 -0.887495
-0.167318 1.600780
0.681771 -0.151545
-1.601848 -0.426727
1.471577 0.459836
0.569029 -0.495629
1.248482 0.661079
-1.861631 -0.614905
-0.616316 -2.371773
-1.639196 -0.334395
-0.242479 -0.279876
1.304545 1.870264
-0.184216 -0.549288
1.637760 0.795788
0.052041 1.575404
-0.916547 1.107929
1.393401 0.836649
-0.956877 0.215064
0.884162 -0.428200
-0.788233 0.318283
-0.141613 1.091324
-1.195029 0.023597
-0.993375 -0.748347
0.707427 0.849261
-0.092565 1.952837
0.329861 -0.687102
2.236061 -1.611467
-0.688912 -0.074947
0.306001 -1.560355
-0.398184 -0.302240
-0.644549 -0.203061
-1.376487 0.544824
-0.734055 -1.002148
-1.546402 -0.000727
0.944089 0.971346
1.376515 -1.217538
-0.226001 1.705422
-2.165211 0.434141
-0.057335 0.033443
1.498578 0.539093
1.212938 -1.887974
1.133136 -0.216513
-1.085229 0.251211
0.400746 -0.602405
0.661095 -0.194853
0.240017 -0.393304
-0.003414 -1.231287
0.173229 0.383815
0.973244 2.214395
0.129415 -0.039913
-0.226198 -0.303719
0.044094 0.636714
0.601124 0.156720
-0.989794 0.300428
1.305684 0.376430
0.573038 0.663520
-0.068179 -0.576513
-0.488693 0.092945
-0.349542 1.231530
0.057095 -0.047295
-0.534080 -1.266500
0.592514 -2.300406
0.283593 1.598103
0.414843 -0.510205
1.223590 -0.238963
-0.392682 0.260648
-2.067922 1.470142
-0.618284 -0.411851
-0.116478 -0.426750
-0.619791 1.926607
-1.617607 2.441266
-0.915438 -1.435610
-1.664608 -0.340119
1.310080 -0.831710
1.594405 0.072361
-1.045037 -0.381928
0.719808 -0.321068
1.222628 -1.399201
-0.137147 -1.538772
2.937228 -0.910018
-1.430107 0.545082
-1.729212 -1.445455
1.432186 -0.529342
0.039187 -0.213718
1.453250 -0.645127
-0.621173 -0.592305
-0.154013 0.978479
1.714150 1.634568
-0.554098 -1.422040
0.280767 0.669661
-0.659815 -1.784310
0.170619 1.624679
-1.102165 1.418690
2.240552 -0.942660
-0.386156 -1.817097
-1.192132 0.373422
1.923547 0.737079
0.390045 1.249115
0.058014 1.271665
-0.555769 -0.107538
-1.192725 -0.941680
-3.068451 -0.075394
0.426885 -0.729588
-0.553249 1.778261
0.704527 0.466032
0.093768 -0.269233
-0.787812 -0.203258
1.362710 -1.127177
-1.165457 0.636158
-1.303926 1.015410
-0.788292 1.642683
-0.381763 -1.176640
-0.525972 0.903050
0.824880 -0.669697
1.202013 -0.373865
-0.255128 -0.951355
-0.056752 -0.779380
1.004455 1.219347
0.771157 0.831141
0.565009 -0.037025
-0.206466 -0.388102
0.157210 -0.133293
0.078076 0.063893
-0.200652 2.135668
0.846722 0.965057
-1.931609 -0.970588
0.285052 0.256807
-0.851232 -0.694256
-1.756986 0.760266
0.932731 -0.301214
-0.336576 0.636191
-0.912461 -0.182420
0.831424 0.930736
-0.798896 -0.359158
-0.827423 0.328003
0.525231 -0.097132
0.877517 -1.472832
1.604553 -0.664884
0.058324 -0.056420
-0.068473 -1.022887
-0.021350 1.079350
-2.204228 -0.515073
-0.576946 0.244393
-0.657406 -1.507582
0.434827 1.803877
-1.485582 -0.520607
0.024454 0.521203
-0.112091 -0.234790
-0.370795 -2.229242
-0.420811 0.421698
-0.081826 0.174304
-1.088620 0.699413
0.162651 0.239209
0.316710 -1.606778
-0.914890 -0.418166
-0.743236 1.343971
1.144556 1.731397
-0.169710 -0.831530
-0.881218 -1.487593
-0.927717 -0.179466
-0.645971 0.745039
2.074434 2.069590
-1.057122 -1.371460
1.358291 0.283949
0.470895 0.102339
-0.923408 0.606469
1.212845 0.509216
-0.222599 0.891972
-0.519018 -0.225284
-1.467077 0.845106
-0.216377 -0.652504
-0.769842 -0.521561
-0.409754 -0.090694
1.229855 -0.531640
-0.607953 0.296684
-0.598564 0.365472
-0.560563 -0.950136
0.150838 -1.607636
0.920266 0.154804
0.715626 -1.601703
-0.244938 -0.018391
-0.191106 -0.417665
-0.145277 -1.101244
-0.418397 0.468398
-1.534406 0.039583
0.253009 0.169062
-0.654910 1.209148
-2.121680 1.677464
0.614241 -0.900192
1.237638 -1.466265
-0.516090 0.764316
1.172922 1.267271
0.254004 0.208941
-0.892965 -0.670892
1.565199 -0.393064
-2.458408 -1.684574
1.496548 0.055718
2.017630 -0.619043
-1.530404 -0.261003
-1.293735 -0.525315
-0.998313 -1.859664
0.814294 1.954654
-2.199369 -0.463944
-1.217460 -0.321379
-0.378808 -1.371262
0.005950 1.881350
-1.416157 0.759712
1.075704 -0.193103
-0.296553 0.755995
-0.383478 0.115121
-1.227448 -0.260793
0.924464 2.207533
2.454340 -0.522847
-1.122294 0.848538
1.312689 -1.508115
-1.030488 -1.933776
-0.863010 -1.144683
0.206502 1.032686
1.687062 1.137889
0.510478 0.936232
-0.385181 0.525492
-0.134800 0.425177
-0.084956 -0.414370
0.008497 -1.313222
0.222790 -0.049509
-0.878782 0.016899
0.273843 0.654820
-0.595908 -1.246793
0.974468 -1.569696
0.800124 0.874557
-1.791226 -0.986364
-0.675312 0.263956
2.148559 0.322533
-0.433845 0.142451
2.260216 2.528319
-0.892310 -0.940561
-1.064719 1.689360
-0.743314 -0.095769
1.783651 -1.447818
-0.285631 -0.747599
-0.230694 -0.932818
0.322906 -1.400767
0.288740 -0.395154
0.095864 -0.156911
-0.770041 0.600347
0.059573 0.490796
-1.152424 0.260097
0.112416 -0.046359
-0.166807 1.621608
0.029865 1.157455
0.264815 -0.101829
-0.334506 0.513847
-0.608829 0.412316
-1.494453 0.443036
-0.667303 0.508570
0.830962 -0.623049
0.142184 2.083656
1.798990 0.063661
0.743786 1.025997
0.206768 -0.182660
0.852361 0.011780
-0.274467 1.331180
0.393047 0.151362
-0.917369 1.333937
0.083076 0.005125
-0.591451 -0.384030
0.258194 -0.475505
0.461737 -0.381486
2.197636 -1.107699
-1.046124 1.683869
-1.622754 -0.038590
-2.762717 0.095897
0.285195 -0.969023
-1.275388 0.916252
0.174451 0.032764
-0.696084 -0.086745
0.247960 1.448506
-0.144551 0.190772
0.055912 0.482892
1.717722 1.542156
1.564113 -0.283978
0.717414 0.222297
-0.031669 1.905036
0.538200 0.333735
1.483649 -0.065325
1.220591 -0.781937
1.096300 -0.579053
-2.017277 -1.081467
-0.652267 0.666231
0.954568 1.278613
0.029938 -1.135828
0.261496 0.794507
-0.485398 0.846509
0.476064 -1.231236
0.118230 -2.339212
-0.484981 -0.105947
0.624719 -0.027828
-1.439959 -0.964111
-0.739416 -0.097310
-0.693842 -1.012528
0.626202 -1.391358
1.290332 1.294165
0.942515 -0.780447
0.538679 -0.980910
1.200511 -0.323439
1.267497 -0.439350
0.417052 -0.768445
-0.488005 0.451320
-1.021507 -0.046305
-0.247342 -0.772921
0.763097 0.931671
0.013918 -0.147692
-0.179454 0.185689
-1.065338 -0.872770
-0.008796 1.211919
-0.220918 -0.540961
0.276143 -0.769485
0.287268 -0.915500
0.543483 0.208646
1.300119 1.789724
1.202187 0.108196
-0.611343 1.482880
-1.230079 1.615553
1.786843 0.503275
-0.025548 0.565340
1.272614 -1.208055
-0.554122 -0.033597
0.043334 0.195511
-0.363375 0.527980
-0.979201 -1.050179
0.383714 -0.516743
0.575541 -1.431451
-0.519713 1.259985
0.913454 0.104601
-0.438363 -0.919377
-1.297681 0.729260
0.410461 -1.294899
0.789865 -0.930027
0.091402 -1.143178
-0.086875 -0.986672
-0.477124 2.147251
0.923896 0.960491
-0.119744 -0.704678
0.634769 0.298718
0.253547 -0.598179
-0.256351 -0.012626
-1.794030 1.111674
-0.515030 0.321932
-1.181537 -0.488712
0.992086 1.502036
-0.625468 -0.504195
-0.212017 0.600017
-0.001448 -1.151015
0.081363 1.163112
-0.843333 0.250146
-0.130151 0.904044
0.107490 1.529615
-1.756007 -0.207623
-0.419461 -0.331681
-0.081439 0.759850
-0.926816 -1.593208
0.268922 -0.294367
0.812032 0.988460
0.873822 0.663050
-0.965788 -0.919418
-2.086997 0.309719
-0.905396 -0.921332
1.429182 0.151516
0.249021 -0.247812
-0.476209 -1.930072
-0.858423 -1.178142
1.395179 -0.303521
0.549927 -1.715154
0.532800 -1.090281
0.726067 0.955498
-0.133122 -1.294595
-0.363572 1.705213
1.083079 -2.005620
-1.587861 -1.679783
-2.147133 -1.067987
-0.479553 1.189746
-0.451960 0.301443
-0.886467 2.420714
0.659871 0.345822
-0.342941 0.072870
0.581545 -1.125694
-0.438462 0.347760
-1.203173 0.140721
0.167681 2.064840
0.044998 -0.569321
-0.577948 0.164189
-0.366742 0.850974
-0.484498 0.113867
1.368747 -0.269628
-0.215523 1.257774
-0.786614 -0.668082
-1.022229 -1.762966
0.298477 -1.139580
0.742509 1.446149
1.045490 -2.488132
1.544868 0.809252
1.530949 0.140699
0.524817 -0.496070
1.871293 -1.563922
0.715667 -1.066588
0.022075 0.644702
-0.787010 1.838324
-0.514724 -0.231023
-1.834507 -0.001355
0.445131 0.481839
0.054921 -1.405304
1.137002 -0.785877
1.380335 0.336788
-0.259111 -0.086064
-0.370292 0.564744
0.857646 1.084573
0.622273 -0.320240
-0.402858 -0.417908
-0.163372 -0.225596
-0.810272 -1.261105
-0.805688 1.248800
-0.175157 1.465505
-0.718766 -0.531613
0.827176 -1.718469
0.619419 -0.392387
-2.192374 -0.889787
-1.416491 0.776778
-1.133331 -0.653912
-0.211851 0.791015
-0.689250 -1.525053
-0.021965 -0.628825
-0.753764 -0.309941
-0.858718 -1.185689
-2.394590 0.488568
0.053431 -0.134441
-2.024780 -0.875441
0.581772 1.268747
0.642527 -2.255306
1.080032 -0.150086
-1.672641 -0.179484
0.991117 0.491252
-0.856037 -0.116029
-1.113098 -0.805971
0.839648 -0.503823
-0.022020 1.032096
-0.387586 0.181862
0.711525 -2.608396
2.461577 -1.552513
-0.886736 0.586996
0.515319 0.009405
0.528628 0.034793
0.579790 -0.393936
-0.158904 -0.187791
-0.164963 -0.453903
0.478143 -0.216114
0.250240 -0.734698
0.138126 0.207071
0.147555 -1.374738
-0.550740 0.536753
0.574482 -0.223438
-0.475483 -1.249465
0.926095 0.632613
-0.346542 -2.247392
-0.856199 -0.471379
0.793081 0.805539
0.502808 -0.336674
-0.812378 0.642219
0.381963 0.451270
-0.763517 -1.319553
-0.729216 -1.043829
0.136847 0.057374
-0.751959 -0.509621
1.007293 -0.337503
-0.728271 -1.552887
-0.828234 -0.119381
-0.578419 -1.088023
1.050684 -1.254870
-2.056368 1.457844
0.650566 -1.039556
-0.431808 -0.692949
0.940013 0.040455
-0.399310 0.939337
-1.285046 0.158780
-1.877708 2.185641
-0.225132 1.011792
-0.612874 0.807485
-1.658038 -0.391899
2.100389 0.598927
-0.754458 0.913547
0.602630 0.080258
-1.002640 0.870539
-1.894246 1.043722
-0.186821 -1.310376
-1.784046 -0.651567
0.896250 -0.499642
1.316693 -0.464369
0.517106 0.550185
-0.168552 -0.619779
-0.029096 -0.414734
0.770587 -0.405095
-0.586736 -0.376953
0.956146 -0.353524
-0.172890 -1.311396
-0.035787 -0.279811
-0.254521 0.341434
-0.091347 1.285044
-1.172243 -0.136597
-0.160795 0.304645
0.383299 -0.809912
1.539268 -0.154066
1.255989 0.456256
1.102777 -0.519481
-0.497634 0.885211
0.829785 0.552777
-0.659042 -0.840905
-1.865032 -0.648478
-1.263247 -1.801536
-1.230957 -0.032121
-1.316815 1.062366
1.261733 0.251155
-1.149406 -0.368862
-0.476117 -1.383627
-0.226562 1.010290
2.059576 0.154363
-0.125963 -0.194082
-2.046519 -0.077234
1.029128 -0.627539
0.173507 -0.094099
0.327507 -1.870736
0.473951 1.351028
0.903007 0.271690
-1.383286 -1.316321
0.453984 -1.307734
-1.651435 0.715669
-1.053560 0.870295
-0.000666 1.579702
0.240373 -1.028857
1.192756 1.579510
-0.805812 -0.864890
-0.348368 2.416387
-0.967676 -1.556793
1.587478 -1.248780
0.502690 -1.140853
1.272789 0.226450
-1.436750 -2.166900
-0.262463 0.085638
-0.195480 -0.072624
-0.839028 0.631842
-0.632243 0.545932
2.424511 -0.451985
0.014416 0.024161
0.643688 0.720540
-0.579869 1.464379
0.949852 -0.643176
-0.635331 -0.375396
-2.176351 0.091678
-0.240566 -0.078834
-0.893088 -0.465353
-0.973397 1.205466
-0.719313 -0.124804
-1.426227 -0.386816
1.255371 1.236078
-0.581187 -0.525556
-0.124551 0.601397
-1.465537 0.192097
-0.076447 1.465395
0.639793 1.833482
1.515698 -0.250091
0.495723 -0.525229
0.200951 0.041977
-2.590179 -0.742928
0.081087 0.162452
0.455923 -2.069239
-0.094469 0.095038
-1.113389 -0.245504
0.511824 -0.341995
0.255654 -0.841564
0.090802 -2.391875
-0.470030 -0.833516
-0.527446 -0.703252
0.974828 -0.695320
0.095744 -0.336758
-1.057802 0.127410
0.120748 0.422700
-0.269899 -1.276292
-0.754674 -0.955915
-0.503763 -1.788701
1.457818 -0.838073
1.786718 0.433123
-0.637040 0.587927
-0.002374 0.794422
-0.562131 -1.256922
-0.873359 0.102574
0.152241 -1.068238
0.109907 -0.941232
-1.223720 1.156098
-0.101367 0.724174
-0.990986 0.116064
-0.382006 0.420737
0.643665 0.507021
0.668927 0.637439
-0.662498 2.227488
0.167592 0.496451
0.350931 -1.015275
-0.069104 0.467236
-0.303961 -0.229715
0.513478 0.831285
-0.137578 0.814015
-0.010410 1.682236
-0.204849 0.164643
-1.859652 0.808372
-1.443153 0.447702
0.709623 1.142574
0.268488 0.468739
-0.932914 -0.714486
-1.048718 0.009038
0.588769 -0.130995
0.148129 -0.274783
-0.438651 -1.153575
-1.692911 0.874808
2.030310 0.861395
-0.864214 1.310767
