48.37 81.04 60.12 84.08 0 0
72.89 51.14 63.82 51.37 0 0
92.80 9.60 0.42 77.41 1 -1
23.53 73.30 34.77 78.57 0 0
33.30 69.70 42.20 78.96 0 0
53.56 10.26 63.37 13.15 0 0
86.38 32.67 93.96 43.30 0 0
5.58 33.15 5.09 24.38 0 0
93.93 34.07 98.21 27.03 0 0
40.18 76.70 16.40 79.04 0 0
39.78 63.57 30.30 48.62 0 0
98.76 82.23 95.37 86.27 0 0
38.66 70.01 46.55 61.86 0 0
47.50 29.53 61.63 39.71 0 0
72.17 6.94 75.76 36.40 0 0
65.26 33.74 65.47 29.25 0 0
46.89 18.43 81.85 18.19 0 0
63.74 27.92 64.10 14.13 0 0
7.35 38.72 40.64 50.44 0 0
0.08 96.05 3.75 1.54 0 1
40.91 0.53 42.04 98.27 0 -1
79.19 19.51 0.66 28.80 1 0
5.14 90.87 93.92 93.25 -1 0
33.97 2.34 21.19 19.09 0 0
39.70 3.52 27.31 9.34 0 0
29.78 86.02 25.40 85.45 0 0
51.19 5.21 33.28 6.78 0 0
53.09 39.28 46.42 41.92 0 0
77.89 65.82 72.30 53.80 0 0
56.44 25.08 36.73 8.71 0 0
47.23 74.04 44.87 78.83 0 0
42.87 17.65 47.80 20.29 0 0
20.97 32.32 20.59 13.00 0 0
63.13 32.74 62.03 40.97 0 0
49.49 73.87 41.09 70.01 0 0
74.51 27.11 91.88 19.14 0 0
95.05 80.68 78.82 83.01 0 0
54.32 35.37 59.20 39.81 0 0
55.86 0.55 66.48 81.10 0 -1
54.23 64.66 65.36 83.57 0 0
2.49 63.45 99.95 92.67 -1 0
5.09 38.20 94.28 58.36 -1 0
75.97 76.60 70.12 65.91 0 0
85.06 67.02 3.77 61.43 1 0
24.86 89.72 29.43 79.10 0 0
6.85 27.44 8.85 15.53 0 0
25.78 14.26 14.55 30.83 0 0
82.39 98.63 57.82 91.97 0 0
69.55 11.16 69.29 21.73 0 0
31.08 32.29 22.15 12.55 0 0
90.25 48.90 17.84 75.74 1 0
83.36 61.41 91.84 60.56 0 0
0.21 73.54 10.00 88.78 0 0
56.06 67.73 69.46 64.18 0 0
52.15 93.85 63.95 13.70 0 1
0.20 93.93 99.82 98.10 -1 0
99.28 66.63 90.10 69.46 0 0
46.23 25.35 45.19 47.28 0 0
97.85 74.76 3.09 92.22 1 0
52.77 17.73 43.36 30.55 0 0
79.01 18.93 97.21 95.98 0 -1
97.46 20.75 16.71 29.45 1 0
76.04 81.66 73.63 98.90 0 0
93.24 75.26 84.87 62.47 0 0
70.07 8.25 82.64 95.81 0 -1
23.31 52.87 18.89 32.50 0 0
99.00 0.25 11.58 90.03 1 -1
29.23 43.66 33.35 63.41 0 0
66.47 40.36 49.53 43.37 0 0
30.84 34.46 47.92 19.32 0 0
89.90 43.64 86.60 25.92 0 0
72.40 70.66 67.06 56.05 0 0
43.12 46.31 61.05 27.11 0 0
80.25 0.78 94.70 90.65 0 -1
80.69 76.02 72.25 75.08 0 0
37.50 48.41 18.85 56.19 0 0
23.55 50.06 35.57 28.98 0 0
9.40 18.29 99.73 96.71 -1 -1
19.34 44.72 24.42 43.82 0 0
68.96 1.80 47.27 4.14 0 0
50.79 44.65 58.67 27.06 0 0
42.34 99.27 31.29 10.15 0 1
79.63 77.84 74.79 41.40 0 0
2.09 34.23 17.99 40.74 0 0
81.92 34.70 68.27 33.57 0 0
59.79 59.36 63.28 60.34 0 0
55.26 96.69 59.60 78.76 0 0
53.22 96.00 60.36 92.14 0 0
49.05 5.52 45.84 2.25 0 0
79.84 42.35 3.49 48.24 1 0
59.27 59.34 34.51 79.12 0 0
77.06 91.44 87.48 98.69 0 0
87.94 49.81 91.97 65.83 0 0
63.59 64.84 66.86 86.67 0 0
18.80 72.98 40.82 45.57 0 0
88.95 92.33 85.67 85.17 0 0
18.63 27.85 19.46 33.12 0 0
21.25 79.95 14.44 90.21 0 0
17.05 66.38 27.80 72.72 0 0
31.11 23.82 36.36 25.60 0 0
27.35 9.22 16.81 6.61 0 0
85.12 55.74 76.43 38.86 0 0
4.83 78.06 13.09 89.60 0 0
47.03 65.59 41.93 66.28 0 0
23.33 32.32 17.05 24.21 0 0
19.69 12.15 50.86 95.31 0 -1
52.25 93.46 27.47 0.54 0 1
78.47 70.67 62.39 66.87 0 0
49.63 54.32 32.01 54.55 0 0
50.32 63.27 44.78 46.58 0 0
29.10 84.90 17.98 2.20 0 1
16.99 97.92 56.63 18.46 0 1
68.07 97.26 70.84 88.54 0 0
1.32 23.49 6.20 25.71 0 0
44.05 62.50 16.58 68.79 0 0
87.19 76.36 6.39 53.23 1 0
87.22 12.47 95.26 94.13 0 -1
1.71 7.78 0.14 97.43 0 -1
78.80 41.01 71.87 67.99 0 0
90.22 33.84 93.45 13.35 0 0
73.66 66.76 79.98 87.88 0 0
3.27 72.88 78.08 66.59 -1 0
42.30 47.22 60.35 45.23 0 0
66.69 14.36 48.43 11.96 0 0
35.73 43.65 41.26 37.98 0 0
46.01 92.86 29.12 86.91 0 0
91.66 45.93 95.69 64.66 0 0
96.18 68.65 3.46 75.52 1 0
68.32 18.98 63.78 0.68 0 0
50.55 72.60 38.82 67.53 0 0
13.82 23.64 6.92 18.00 0 0
1.37 26.95 3.42 13.39 0 0
33.13 15.83 27.86 26.13 0 0
99.44 30.96 4.68 51.10 1 0
55.39 18.43 50.46 14.53 0 0
40.50 71.90 36.30 93.21 0 0
9.55 81.29 8.64 92.41 0 0
71.91 4.35 52.92 89.41 0 -1
91.87 78.60 93.33 81.50 0 0
32.20 44.49 39.66 52.99 0 0
61.83 9.42 54.41 31.37 0 0
82.86 22.03 81.13 29.75 0 0
39.16 5.66 35.84 29.32 0 0
23.46 51.02 30.75 26.25 0 0
72.92 47.05 85.39 39.13 0 0
19.80 7.59 10.75 24.46 0 0
35.67 86.63 15.24 6.76 0 1
71.86 14.21 62.77 17.41 0 0
21.24 88.01 29.14 94.27 0 0
92.93 28.07 8.70 56.70 1 0
4.89 29.05 83.71 61.37 -1 0
11.64 2.31 7.90 20.70 0 0
6.25 66.11 93.03 81.22 -1 0
62.34 3.67 72.94 4.11 0 0
21.49 81.09 94.55 76.79 -1 0
38.61 20.02 5.19 20.93 0 0
84.49 0.48 13.82 85.76 1 -1
36.03 60.49 39.18 56.49 0 0
47.72 7.15 51.18 22.97 0 0
48.71 92.15 27.79 86.17 0 0
18.03 36.17 22.28 24.68 0 0
98.45 20.53 97.28 8.98 0 0
39.95 58.10 31.34 66.63 0 0
50.76 98.70 75.80 85.43 0 0
48.87 46.67 43.33 50.50 0 0
25.69 45.33 18.39 42.47 0 0
36.02 48.18 45.61 80.20 0 0
16.49 82.92 8.28 17.99 0 1
98.66 74.42 5.58 78.15 1 0
84.44 95.74 96.23 1.92 0 1
43.52 79.19 49.97 73.82 0 0
18.28 37.04 15.88 31.26 0 0
15.41 88.72 14.81 68.83 0 0
63.63 41.88 46.04 22.98 0 0
55.34 65.70 57.84 65.17 0 0
68.34 18.39 73.40 99.37 0 -1
60.17 36.39 87.37 62.75 0 0
31.13 70.36 24.64 94.24 0 0
3.89 66.40 84.74 73.91 -1 0
31.59 32.02 31.78 47.86 0 0
7.00 88.99 81.55 6.52 -1 1
27.85 49.41 15.80 58.63 0 0
96.77 61.35 96.93 62.08 0 0
61.05 25.51 69.30 32.06 0 0
52.78 29.59 37.79 27.45 0 0
10.00 12.87 10.51 15.12 0 0
15.81 33.80 96.82 58.70 -1 0
87.51 95.10 86.22 82.50 0 0
55.14 71.27 35.84 76.53 0 0
12.04 37.07 5.42 33.24 0 0
57.44 7.90 43.79 98.85 0 -1
19.79 93.55 93.21 60.75 -1 0
80.99 57.25 90.25 49.43 0 0
92.51 14.49 96.01 5.40 0 0
87.58 10.95 98.50 7.55 0 0
99.56 22.89 10.58 14.81 1 0
35.76 78.66 37.36 87.71 0 0
27.37 49.66 14.06 46.24 0 0
79.26 63.74 59.68 53.45 0 0
92.01 78.34 78.35 78.64 0 0
40.98 59.43 49.69 67.89 0 0
97.09 15.90 17.61 32.02 1 0
50.94 99.81 73.32 9.31 0 1
16.98 80.02 34.99 51.90 0 0
26.63 60.70 42.84 63.76 0 0
81.17 58.94 89.96 53.76 0 0
46.76 6.79 56.60 11.60 0 0
59.31 25.04 45.44 22.73 0 0
60.16 90.58 53.55 12.76 0 1
0.72 91.39 10.10 19.12 0 1
35.53 54.16 22.92 37.21 0 0
71.27 75.23 73.39 97.21 0 0
33.29 21.73 35.93 26.43 0 0
49.77 76.17 50.27 62.61 0 0
53.75 18.21 48.26 18.58 0 0
44.01 7.42 61.25 8.48 0 0
42.62 0.53 59.04 28.15 0 0
46.67 35.70 25.35 49.10 0 0
71.69 61.72 57.89 66.88 0 0
68.90 57.50 52.80 52.75 0 0
73.78 5.14 55.26 64.77 0 -1
31.11 8.17 19.47 99.12 0 -1
94.70 89.86 81.25 80.86 0 0
43.23 93.52 39.01 94.15 0 0
1.60 3.75 83.60 9.76 -1 0
66.42 81.16 39.43 88.84 0 0
78.24 64.41 77.44 74.49 0 0
60.83 32.78 74.18 7.69 0 0
75.54 16.75 93.65 34.79 0 0
94.29 17.32 76.73 4.91 0 0
37.58 53.52 44.25 55.52 0 0
81.34 89.45 89.12 88.21 0 0
69.98 81.99 44.42 86.95 0 0
73.90 23.67 53.60 21.14 0 0
95.56 13.30 3.37 0.25 1 0
21.76 5.25 12.69 29.00 0 0
53.24 57.32 51.16 65.82 0 0
93.12 91.60 86.30 13.01 0 1
67.98 39.92 55.55 41.98 0 0
12.05 84.45 11.46 78.34 0 0
73.17 54.03 80.18 60.44 0 0
81.65 10.04 93.55 18.96 0 0
11.61 97.23 13.74 22.15 0 1
69.10 16.61 74.78 23.26 0 0
90.23 63.80 83.04 84.16 0 0
87.12 76.60 0.59 67.23 1 0
43.20 9.11 33.52 28.88 0 0
66.28 70.91 47.66 46.91 0 0
6.17 40.54 98.03 53.10 -1 0
69.83 38.76 94.20 39.14 0 0
65.08 93.19 56.26 69.40 0 0
93.81 17.82 83.51 25.73 0 0
78.60 18.58 10.03 99.15 1 -1
6.62 58.40 28.00 57.95 0 0
66.07 44.02 83.31 44.56 0 0
78.92 82.33 86.77 95.56 0 0
18.38 76.18 15.09 73.95 0 0
34.35 0.64 21.07 65.20 0 -1
31.37 93.16 44.55 3.31 0 1
36.81 69.46 27.60 62.33 0 0
14.66 61.09 10.93 57.56 0 0
74.46 43.66 59.35 35.42 0 0
36.61 56.39 30.89 54.41 0 0
65.71 95.72 94.35 97.34 0 0
78.52 70.25 0.03 73.14 1 0
95.06 43.17 77.29 56.85 0 0
95.75 97.57 90.70 85.93 0 0
42.85 32.83 46.51 19.66 0 0
89.47 32.50 96.95 42.93 0 0
40.23 97.73 45.72 8.17 0 1
65.98 93.07 31.16 78.41 0 0
54.23 10.52 52.08 32.97 0 0
85.58 22.91 2.41 23.97 1 0
31.18 64.20 15.96 54.70 0 0
93.94 99.59 88.37 1.92 0 1
93.10 38.17 93.17 55.81 0 0
92.59 93.38 87.84 0.57 0 1
30.22 96.46 19.98 3.05 0 1
27.60 70.74 17.81 48.50 0 0
33.63 82.61 12.75 77.63 0 0
39.87 7.00 38.86 10.11 0 0
69.89 1.59 53.50 1.52 0 0
30.78 86.87 17.02 97.72 0 0
78.18 7.90 13.90 2.88 1 0
14.49 67.35 28.77 77.99 0 0
63.72 51.97 65.73 34.78 0 0
71.59 53.12 76.36 43.16 0 0
83.29 63.41 74.18 55.12 0 0
63.94 80.31 60.98 90.05 0 0
14.53 2.74 18.25 11.41 0 0
82.61 56.01 54.70 46.81 0 0
74.82 40.26 56.85 42.45 0 0
45.05 13.35 65.91 0.78 0 0
74.50 76.56 66.56 80.17 0 0
47.11 56.71 14.91 48.47 0 0
56.18 61.81 63.95 80.59 0 0
66.92 10.43 50.37 3.02 0 0
71.57 1.57 85.20 87.81 0 -1
85.97 35.36 92.94 56.36 0 0
18.45 8.83 36.13 2.08 0 0
12.66 64.18 5.84 46.40 0 0
33.54 80.44 36.82 72.94 0 0
75.06 2.18 95.34 59.54 0 -1
94.76 12.98 99.65 4.21 0 0
53.65 31.98 60.70 44.58 0 0
85.68 33.74 74.51 32.15 0 0
92.94 61.03 85.51 73.66 0 0
47.78 46.60 43.96 41.61 0 0
70.26 82.11 76.33 67.78 0 0
48.67 48.81 43.77 84.69 0 0
57.43 21.96 58.21 13.25 0 0
90.32 30.46 86.06 21.13 0 0
24.06 96.01 47.81 83.32 0 0
18.52 94.10 1.42 90.32 0 0
68.51 47.75 88.32 59.76 0 0
30.81 68.63 24.75 61.06 0 0
84.96 75.34 62.07 74.41 0 0
9.08 68.00 99.05 55.95 -1 0
19.03 43.07 1.92 43.21 0 0
79.28 40.60 71.24 35.98 0 0
33.98 67.32 15.96 61.23 0 0
72.52 62.96 70.32 83.24 0 0
27.66 40.39 17.07 56.85 0 0
51.78 42.94 74.30 37.41 0 0
2.55 32.18 4.28 18.85 0 0
29.84 86.47 35.83 69.83 0 0
24.22 48.71 37.75 48.03 0 0
81.42 55.39 91.32 66.76 0 0
24.74 84.79 24.03 68.46 0 0
29.61 33.46 28.27 26.13 0 0
66.15 89.77 76.66 8.08 0 1
73.67 35.95 99.47 27.38 0 0
14.69 25.41 44.22 30.20 0 0
19.15 40.31 26.19 30.42 0 0
8.22 15.48 84.48 88.66 -1 -1
91.20 49.10 97.58 37.10 0 0
73.48 52.13 66.62 51.95 0 0
4.17 67.20 95.76 46.29 -1 0
58.71 13.85 70.28 30.04 0 0
33.01 43.46 19.72 49.50 0 0
81.93 50.31 82.65 55.31 0 0
78.04 88.95 94.66 83.72 0 0
42.19 47.86 62.02 58.92 0 0
86.50 66.31 3.80 69.30 1 0
24.48 0.89 27.52 93.60 0 -1
97.24 47.72 99.74 50.00 0 0
56.42 47.12 46.37 42.52 0 0
79.24 88.08 85.82 83.95 0 0
94.55 98.89 99.95 11.74 0 1
75.95 90.88 74.89 97.15 0 0
70.87 9.53 77.59 9.25 0 0
33.41 46.42 44.59 46.71 0 0
4.57 0.45 15.43 2.58 0 0
42.22 70.56 45.76 64.59 0 0
20.85 91.50 23.53 7.59 0 1
73.41 29.01 76.34 26.56 0 0
28.54 51.81 36.88 40.15 0 0
18.79 92.58 48.45 76.03 0 0
63.10 73.98 66.22 79.75 0 0
97.65 19.76 11.33 7.72 1 0
37.63 36.42 43.61 19.90 0 0
82.96 67.12 88.74 69.99 0 0
63.22 93.15 56.33 80.31 0 0
26.31 4.45 29.28 86.02 0 -1
74.17 88.89 66.59 0.27 0 1
81.37 22.30 66.58 24.62 0 0
43.23 60.95 58.32 55.47 0 0
61.11 15.66 82.41 23.70 0 0
72.00 76.32 83.52 43.18 0 0
30.31 36.28 18.76 27.75 0 0
46.09 18.54 69.57 1.69 0 0
36.79 67.15 20.79 66.95 0 0
34.53 57.80 38.55 33.86 0 0
42.86 81.90 44.01 79.64 0 0
98.90 52.87 10.43 49.61 1 0
14.84 82.61 28.89 96.67 0 0
74.63 75.42 81.97 62.01 0 0
78.89 98.62 91.78 10.97 0 1
76.55 42.05 89.11 23.94 0 0
79.10 83.96 73.46 71.20 0 0
13.83 22.65 97.26 15.65 -1 0
6.14 35.42 27.00 20.03 0 0
5.11 96.63 8.42 7.53 0 1
19.75 10.74 9.49 17.28 0 0
1.13 20.73 90.90 18.47 -1 0
73.26 35.24 85.57 48.04 0 0
21.27 74.34 41.54 53.01 0 0
96.84 89.71 26.00 15.68 1 1
20.63 45.23 24.55 30.83 0 0
20.58 71.35 17.41 82.36 0 0
45.37 14.35 35.84 1.09 0 0
3.13 17.75 7.41 30.96 0 0
18.77 61.41 11.38 69.60 0 0
12.56 42.18 8.64 59.27 0 0
34.05 53.41 40.37 40.75 0 0
15.43 78.02 8.73 90.31 0 0
48.06 12.16 36.38 97.62 0 -1
58.54 97.03 62.82 97.74 0 0
82.10 62.48 35.16 34.20 0 0
99.27 11.48 6.52 13.91 1 0
98.49 20.40 10.04 38.03 1 0
60.68 10.56 58.90 6.53 0 0
37.29 62.23 59.72 45.16 0 0
24.97 47.59 24.73 65.69 0 0
61.04 38.39 70.59 32.66 0 0
49.78 28.56 46.08 32.62 0 0
93.36 12.23 87.81 99.31 0 -1
6.89 62.43 37.49 62.95 0 0
45.08 22.23 31.14 13.70 0 0
86.75 4.67 1.53 99.80 1 -1
27.28 89.67 33.22 79.21 0 0
74.23 60.33 90.56 68.81 0 0
21.88 72.39 5.29 62.78 0 0
5.97 42.27 2.89 57.79 0 0
96.91 82.04 86.83 91.84 0 0
15.75 22.82 35.68 23.74 0 0
38.82 65.16 43.61 45.82 0 0
37.47 72.40 18.70 59.83 0 0
0.10 62.52 11.81 31.36 0 0
7.40 75.36 21.91 74.06 0 0
6.65 72.05 14.51 67.85 0 0
18.93 20.70 16.27 17.45 0 0
96.72 74.91 19.72 58.92 1 0
90.18 61.93 81.23 53.37 0 0
19.77 56.82 5.61 61.85 0 0
82.35 34.53 81.87 35.01 0 0
47.67 63.62 52.48 50.71 0 0
87.95 32.42 98.18 13.71 0 0
57.18 33.24 72.81 20.66 0 0
21.26 69.02 19.76 71.94 0 0
90.63 54.51 11.41 41.72 1 0
2.84 9.91 92.31 4.58 -1 0
5.61 53.17 99.76 61.06 -1 0
67.20 73.01 57.99 78.44 0 0
93.62 56.86 10.25 53.28 1 0
27.22 86.11 14.76 87.09 0 0
6.68 14.40 86.87 12.57 -1 0
75.93 10.80 54.28 11.46 0 0
46.27 59.84 44.69 48.57 0 0
58.97 3.29 47.24 8.57 0 0
22.24 8.07 1.92 8.51 0 0
5.37 53.92 7.76 64.98 0 0
21.21 86.82 8.97 73.26 0 0
9.76 18.15 9.89 14.90 0 0
15.99 2.42 12.21 90.15 0 -1
32.17 74.39 57.01 71.88 0 0
90.65 28.68 71.52 38.48 0 0
47.05 84.10 50.20 72.38 0 0
28.18 54.22 27.13 82.61 0 0
49.49 28.96 78.64 22.32 0 0
19.37 78.52 11.82 2.10 0 1
91.88 26.53 83.70 21.12 0 0
16.33 42.67 24.83 40.49 0 0
61.42 94.53 59.87 74.44 0 0
68.50 40.27 59.97 24.41 0 0
18.56 32.37 10.59 16.19 0 0
80.08 30.50 90.45 31.72 0 0
48.42 44.62 58.32 61.00 0 0
74.11 15.54 55.52 40.86 0 0
9.86 30.18 92.94 47.06 -1 0
77.83 36.30 77.53 36.86 0 0
31.33 59.45 24.86 56.71 0 0
1.79 65.46 86.92 60.91 -1 0
55.62 17.61 45.91 10.61 0 0
85.59 26.97 2.93 24.71 1 0
88.37 96.28 83.65 1.05 0 1
32.49 54.31 21.01 48.09 0 0
91.95 58.94 86.83 43.11 0 0
33.95 67.01 10.59 64.14 0 0
48.49 35.76 31.69 23.14 0 0
42.07 96.40 41.93 2.30 0 1
33.79 86.48 19.88 95.25 0 0
21.32 19.77 29.87 23.24 0 0
14.02 13.14 8.65 21.58 0 0
45.77 9.47 28.90 0.20 0 0
64.79 21.36 56.96 25.48 0 0
92.35 93.89 5.07 83.20 1 0
12.50 37.31 26.39 14.91 0 0
90.62 8.54 77.38 84.39 0 -1
59.96 12.70 80.16 19.19 0 0
30.65 49.53 44.45 51.11 0 0
99.18 7.08 93.49 7.92 0 0
41.83 3.86 58.15 24.52 0 0
36.78 45.23 61.91 42.25 0 0
25.96 90.59 16.03 85.83 0 0
49.93 95.05 53.57 0.69 0 1
32.59 88.22 39.01 98.83 0 0
50.38 94.28 26.90 25.60 0 1
69.36 80.83 71.96 68.13 0 0
17.03 87.07 34.43 64.61 0 0
83.17 43.26 92.00 43.17 0 0
91.53 64.48 89.57 66.93 0 0
44.34 5.69 45.71 96.86 0 -1
44.42 90.56 35.31 83.43 0 0
67.02 12.81 5.10 5.30 1 0
60.81 92.47 69.02 98.98 0 0
60.24 97.75 69.28 92.57 0 0
41.08 68.98 49.02 78.16 0 0
67.95 83.36 78.85 2.63 0 1
32.03 30.05 26.82 19.24 0 0
72.99 58.56 78.75 84.36 0 0
16.54 84.45 14.80 67.95 0 0
14.51 94.56 95.33 77.86 -1 0
8.24 44.29 24.66 39.72 0 0
67.73 1.39 59.70 13.30 0 0
75.67 90.28 71.26 96.71 0 0
49.78 7.51 32.93 35.11 0 0
78.48 6.20 94.65 26.47 0 0
88.05 99.64 89.75 77.91 0 0
96.21 46.72 76.97 40.31 0 0
86.95 63.14 1.79 67.09 1 0
33.72 45.25 17.45 44.33 0 0
92.82 82.19 99.14 17.38 0 1
17.27 43.84 20.50 35.66 0 0
3.50 18.13 4.96 16.56 0 0
71.33 24.65 57.02 37.28 0 0
29.70 18.99 26.12 18.09 0 0
71.46 95.66 66.82 80.07 0 0
58.50 44.07 49.51 40.80 0 0
58.71 8.79 31.13 9.49 0 0
89.77 19.45 84.24 11.37 0 0
84.60 33.37 55.60 37.98 0 0
63.95 84.78 52.62 93.43 0 0
94.80 95.02 9.57 12.55 1 1
48.77 41.00 19.96 15.49 0 0
12.11 49.76 3.62 37.70 0 0
0.86 3.46 86.74 89.24 -1 -1
98.81 16.80 71.59 22.45 0 0
64.41 57.60 58.23 66.67 0 0
74.13 62.57 86.04 58.22 0 0
63.58 45.76 50.87 49.18 0 0
24.07 90.60 26.49 82.99 0 0
0.55 32.79 92.74 38.86 -1 0
98.96 58.87 99.89 28.01 0 0
94.17 80.95 88.58 84.03 0 0
60.73 96.17 37.97 99.53 0 0
46.22 40.44 56.40 49.92 0 0
3.38 87.07 95.73 82.31 -1 0
73.17 53.66 70.83 57.05 0 0
39.63 53.43 54.71 84.99 0 0
6.09 30.81 11.62 31.65 0 0
54.62 37.87 62.92 26.71 0 0
1.70 17.76 73.71 41.12 -1 0
37.53 72.73 43.52 77.69 0 0
71.28 77.91 71.11 87.03 0 0
74.76 57.12 75.24 49.03 0 0
15.37 66.60 27.50 63.75 0 0
89.87 86.29 82.50 92.80 0 0
9.34 32.14 96.90 22.50 -1 0
50.93 83.72 63.91 85.58 0 0
25.84 17.67 2.19 21.23 0 0
32.27 18.41 34.25 98.88 0 -1
7.82 79.54 35.88 45.84 0 0
40.31 75.81 60.49 69.22 0 0
35.22 28.00 42.13 31.53 0 0
42.26 58.14 56.70 54.91 0 0
24.74 1.81 15.32 3.89 0 0
49.93 43.18 47.06 37.03 0 0
63.51 73.62 71.43 62.63 0 0
55.36 66.27 53.31 62.81 0 0
93.24 79.91 17.87 93.46 1 0
68.09 8.69 59.07 91.49 0 -1
60.93 44.86 81.68 34.03 0 0
79.34 29.70 64.74 13.19 0 0
92.91 49.70 83.74 43.73 0 0
36.27 60.05 64.33 83.22 0 0
12.58 11.71 11.52 96.89 0 -1
29.13 54.20 19.89 78.40 0 0
90.65 43.94 75.47 44.27 0 0
79.50 85.05 75.86 88.41 0 0
78.25 69.45 70.19 78.95 0 0
37.49 58.68 68.75 76.10 0 0
6.56 40.03 76.76 57.72 -1 0
95.60 69.51 69.77 88.73 0 0
65.14 48.95 96.57 49.64 0 0
54.66 40.22 44.76 23.51 0 0
29.71 0.17 32.71 20.71 0 0
61.16 30.39 53.41 31.03 0 0
6.83 63.73 0.78 81.11 0 0
87.42 26.74 77.38 49.61 0 0
56.11 60.18 82.34 56.71 0 0
0.33 24.87 11.68 39.09 0 0
97.21 1.56 74.75 8.58 0 0
96.13 21.34 83.44 27.40 0 0
69.09 74.36 94.07 48.63 0 0
53.09 49.26 27.84 50.65 0 0
58.95 0.19 48.77 91.21 0 -1
70.15 0.73 64.29 84.86 0 -1
83.39 4.22 79.98 81.97 0 -1
53.58 67.38 39.45 60.01 0 0
89.62 66.38 88.40 87.08 0 0
39.15 35.82 38.06 39.38 0 0
19.17 1.20 36.33 92.19 0 -1
55.84 0.26 32.76 6.84 0 0
98.10 64.48 81.78 64.79 0 0
51.70 25.04 47.67 2.70 0 0
43.25 24.93 49.78 37.97 0 0
11.37 13.28 18.93 99.72 0 -1
38.69 19.75 41.65 26.47 0 0
72.40 79.70 88.16 80.17 0 0
13.70 11.67 98.48 17.26 -1 0
81.97 61.34 94.11 62.31 0 0
77.43 51.80 82.73 41.80 0 0
39.57 6.58 45.32 79.99 0 -1
97.56 28.14 18.36 25.52 1 0
44.90 23.74 50.90 2.08 0 0
31.36 52.67 30.41 47.15 0 0
6.34 20.15 7.24 30.37 0 0
49.22 57.83 35.78 51.89 0 0
31.05 28.95 41.03 5.85 0 0
14.65 2.31 27.16 86.45 0 -1
5.62 37.54 5.14 48.40 0 0
27.57 22.53 32.58 25.61 0 0
3.57 60.15 99.46 68.91 -1 0
63.77 86.87 67.77 92.51 0 0
35.33 94.45 23.91 85.99 0 0
86.48 76.45 87.45 62.35 0 0
39.18 28.94 40.70 2.34 0 0
66.83 30.84 73.18 29.07 0 0
61.40 1.56 46.57 1.38 0 0
12.77 42.70 11.27 28.23 0 0
13.91 70.17 7.98 88.11 0 0
31.63 0.97 7.20 77.47 0 -1
92.24 66.95 88.69 52.73 0 0
99.08 24.59 96.78 22.53 0 0
91.99 97.81 68.42 88.98 0 0
34.21 50.05 40.17 30.53 0 0
12.04 5.32 11.91 5.71 0 0
72.22 12.88 80.71 12.80 0 0
63.61 33.42 71.60 55.78 0 0
82.39 90.24 73.33 90.34 0 0
56.33 33.08 59.46 24.94 0 0
8.37 3.68 11.96 99.16 0 -1
61.03 52.16 19.07 41.34 0 0
66.95 26.93 47.64 41.58 0 0
69.42 4.36 66.97 67.37 0 -1
3.47 35.49 0.13 29.78 0 0
55.05 32.60 35.16 23.11 0 0
73.85 46.21 99.79 57.29 0 0
28.14 26.23 23.61 10.04 0 0
41.99 10.03 34.57 3.96 0 0
24.86 51.90 20.04 51.45 0 0
64.42 84.18 60.70 72.32 0 0
1.13 43.72 11.33 26.04 0 0
6.50 97.29 7.68 99.39 0 0
63.77 13.05 60.92 11.51 0 0
54.10 54.26 42.76 41.18 0 0
56.31 70.67 67.28 70.92 0 0
79.32 72.31 0.23 78.26 1 0
66.98 26.15 56.57 29.36 0 0
31.68 74.76 33.21 61.52 0 0
38.10 25.75 50.94 23.98 0 0
98.07 38.80 20.86 36.54 1 0
69.50 3.19 57.90 24.98 0 0
81.79 88.78 71.52 77.56 0 0
44.36 27.65 36.59 29.25 0 0
92.08 49.50 93.96 40.85 0 0
9.18 71.94 10.82 31.01 0 0
93.65 85.52 98.78 88.93 0 0
70.52 66.68 92.34 92.69 0 0
34.64 67.50 35.02 83.23 0 0
65.25 9.83 48.52 20.11 0 0
96.01 39.11 68.61 27.95 0 0
30.68 76.57 10.20 64.77 0 0
50.89 85.14 50.10 91.07 0 0
71.28 95.88 71.35 0.26 0 1
46.83 83.32 45.81 69.06 0 0
59.64 65.79 45.60 70.77 0 0
87.21 37.27 92.90 33.29 0 0
86.96 57.47 92.96 53.24 0 0
71.28 48.31 72.46 57.85 0 0
37.11 36.75 20.84 49.23 0 0
39.04 53.84 41.15 72.51 0 0
1.77 94.51 20.89 82.74 0 0
20.77 8.98 21.81 4.18 0 0
77.41 51.54 79.59 48.53 0 0
37.45 95.75 27.50 93.52 0 0
11.81 35.75 3.54 33.60 0 0
94.98 51.78 80.40 39.94 0 0
66.77 30.32 56.86 38.90 0 0
17.04 61.37 94.09 55.62 -1 0
66.90 6.98 81.94 8.52 0 0
88.77 96.75 9.28 5.38 1 1
50.13 3.19 56.45 0.82 0 0
9.24 83.09 10.59 77.29 0 0
67.60 89.73 58.20 88.50 0 0
21.31 1.53 21.18 88.18 0 -1
67.14 66.29 83.25 73.39 0 0
52.75 1.60 59.50 0.20 0 0
3.30 59.84 10.61 64.05 0 0
58.24 19.96 34.94 40.24 0 0
66.27 7.93 46.15 82.84 0 -1
20.89 63.08 29.76 72.04 0 0
41.61 61.38 39.81 63.78 0 0
45.10 56.14 56.02 53.00 0 0
45.26 94.73 59.00 68.86 0 0
9.65 51.63 28.06 65.02 0 0
82.83 7.52 70.66 3.62 0 0
91.41 35.70 0.66 40.23 1 0
28.25 13.62 56.16 18.87 0 0
61.56 60.04 41.60 62.98 0 0
4.92 21.96 1.08 8.04 0 0
85.97 42.50 84.02 46.19 0 0
58.70 43.13 51.95 35.43 0 0
42.72 48.28 38.47 35.28 0 0
58.03 91.66 60.82 93.32 0 0
59.16 42.59 54.16 38.94 0 0
20.32 60.92 15.19 52.90 0 0
95.69 33.25 4.17 21.04 1 0
76.91 66.69 90.21 52.53 0 0
19.35 67.73 28.37 73.68 0 0
82.88 71.32 90.70 54.35 0 0
51.30 62.45 57.39 72.96 0 0
47.63 2.92 48.44 23.57 0 0
81.55 81.31 89.24 91.70 0 0
93.31 70.89 72.09 95.90 0 0
48.77 21.03 69.52 20.41 0 0
99.52 67.33 97.37 46.13 0 0
30.52 3.19 17.01 97.59 0 -1
95.10 8.53 91.07 97.98 0 -1
93.85 29.36 17.62 21.87 1 0
42.82 70.77 43.30 62.14 0 0
34.38 22.34 52.20 13.14 0 0
83.08 85.84 63.21 62.65 0 0
75.77 37.28 81.62 34.34 0 0
52.06 73.58 55.02 75.69 0 0
52.00 77.94 46.48 69.68 0 0
74.08 21.58 39.90 40.71 0 0
96.31 1.20 12.01 9.19 1 0
98.30 99.04 11.11 90.67 1 0
27.26 84.84 15.58 87.38 0 0
66.79 42.52 40.49 67.76 0 0
99.23 5.97 35.77 90.10 1 -1
0.41 60.87 84.98 56.10 -1 0
79.46 1.53 59.76 97.83 0 -1
80.06 10.20 79.80 4.42 0 0
73.40 57.32 67.66 51.19 0 0
74.91 65.31 78.07 68.91 0 0
57.12 46.29 64.61 70.53 0 0
66.57 40.08 41.82 48.88 0 0
60.78 68.61 65.54 91.07 0 0
60.65 65.45 19.52 61.80 0 0
33.39 0.71 22.04 89.74 0 -1
72.63 95.23 95.96 10.01 0 1
8.66 9.50 18.75 24.96 0 0
94.61 46.72 80.79 62.36 0 0
77.77 10.44 93.03 25.34 0 0
90.29 24.83 57.78 37.96 0 0
46.17 77.39 29.08 48.76 0 0
24.18 8.42 19.27 10.95 0 0
49.39 19.86 29.92 4.41 0 0
56.82 32.97 64.15 19.84 0 0
90.44 99.44 90.78 67.52 0 0
21.69 91.36 5.33 8.04 0 1
44.45 67.25 63.91 37.79 0 0
45.22 32.60 48.49 32.79 0 0
47.01 88.31 65.16 71.10 0 0
92.07 52.05 71.61 54.86 0 0
53.42 16.80 75.62 10.59 0 0
10.87 58.59 14.63 79.64 0 0
75.73 78.53 73.75 85.99 0 0
68.97 77.68 71.33 74.57 0 0
39.07 18.09 42.62 56.18 0 0
12.31 22.26 18.03 26.21 0 0
0.59 23.43 3.73 10.38 0 0
59.92 95.81 54.72 99.58 0 0
26.47 97.52 41.71 65.54 0 0
0.96 87.51 76.65 91.29 -1 0
80.95 0.14 61.65 81.45 0 -1
50.67 44.23 68.28 50.62 0 0
42.73 76.64 11.43 75.51 0 0
55.96 88.29 66.66 78.66 0 0
39.82 25.36 22.07 13.40 0 0
93.24 35.23 92.87 17.97 0 0
95.04 78.65 92.44 83.90 0 0
70.22 27.59 81.23 37.26 0 0
2.45 49.01 0.61 49.90 0 0
72.73 79.83 95.63 19.68 0 1
20.86 37.60 14.22 33.88 0 0
96.53 13.25 6.63 17.63 1 0
35.81 76.76 22.75 79.04 0 0
46.56 46.35 43.06 39.44 0 0
50.37 26.00 64.68 29.68 0 0
34.93 17.41 40.39 25.80 0 0
25.30 75.92 42.84 77.62 0 0
80.73 75.92 80.65 10.58 0 1
91.30 96.81 97.65 50.94 0 0
40.71 34.88 65.60 44.71 0 0
82.48 18.67 81.50 29.81 0 0
50.19 31.20 40.19 42.85 0 0
62.56 54.34 68.38 51.49 0 0
68.69 85.45 69.69 61.37 0 0
21.04 21.96 34.03 22.93 0 0
23.92 19.31 14.62 23.10 0 0
83.79 42.92 59.51 42.11 0 0
44.61 0.30 14.37 0.14 0 0
63.94 17.08 67.00 40.41 0 0
23.19 74.89 43.27 75.04 0 0
24.40 47.73 5.94 50.32 0 0
43.64 49.84 46.62 8.63 0 0
27.32 21.29 29.37 12.71 0 0
75.90 25.56 79.13 33.80 0 0
93.31 2.37 90.70 11.54 0 0
78.96 70.48 53.90 76.81 0 0
25.81 93.09 6.63 97.44 0 0
15.02 4.18 22.07 85.24 0 -1
23.66 25.34 11.37 43.88 0 0
85.20 55.96 58.27 66.45 0 0
45.35 28.79 44.81 15.29 0 0
98.40 85.75 23.51 71.65 1 0
16.35 42.37 91.06 44.30 -1 0
11.66 87.30 11.77 80.95 0 0
60.66 62.91 49.26 61.89 0 0
42.45 38.40 41.89 65.44 0 0
49.57 73.19 53.48 69.43 0 0
49.34 69.47 39.01 99.38 0 0
72.32 9.50 86.58 31.34 0 0
22.35 62.82 22.53 78.74 0 0
42.03 37.16 42.54 28.10 0 0
0.44 44.05 86.95 29.01 -1 0
69.00 67.20 92.95 67.87 0 0
37.60 62.87 49.42 64.98 0 0
78.94 24.01 77.24 27.09 0 0
24.76 19.80 30.42 36.41 0 0
6.07 94.48 42.41 0.64 0 1
49.17 52.32 43.67 53.09 0 0
29.25 60.40 41.87 65.95 0 0
11.08 17.56 17.91 17.77 0 0
25.43 73.45 16.01 75.00 0 0
61.70 51.08 18.55 41.97 0 0
12.90 97.28 7.83 79.38 0 0
44.05 27.60 70.30 35.55 0 0
85.98 98.26 91.76 99.65 0 0
59.17 79.40 53.66 83.68 0 0
29.20 79.98 51.46 64.64 0 0
61.38 22.84 53.30 98.29 0 -1
68.06 89.31 66.78 73.87 0 0
11.02 31.78 1.35 45.16 0 0
76.89 20.74 81.82 97.32 0 -1
92.60 2.95 89.97 94.01 0 -1
30.42 99.75 43.60 85.32 0 0
23.92 64.99 42.57 73.18 0 0
27.80 7.23 27.89 16.37 0 0
13.98 47.06 12.92 55.25 0 0
92.51 76.99 76.65 94.77 0 0
26.37 99.44 46.04 65.28 0 0
57.12 35.11 57.06 15.15 0 0
37.31 73.07 19.48 82.73 0 0
56.01 20.08 55.16 24.27 0 0
24.65 66.79 10.08 70.66 0 0
52.27 0.69 53.63 5.32 0 0
69.93 74.52 69.43 50.93 0 0
58.15 36.28 75.01 36.03 0 0
95.63 35.63 6.62 37.61 1 0
48.63 33.56 34.36 13.70 0 0
89.60 41.69 15.19 2.65 1 0
61.79 19.90 76.82 19.60 0 0
33.96 65.79 27.96 66.67 0 0
78.67 58.27 92.66 73.28 0 0
68.99 51.11 79.84 45.34 0 0
57.77 65.95 72.21 51.64 0 0
7.36 96.38 30.68 88.48 0 0
21.00 49.32 40.01 13.79 0 0
29.50 77.32 38.33 72.13 0 0
93.32 88.10 76.62 94.99 0 0
73.90 60.00 55.30 42.62 0 0
40.89 31.88 40.91 18.80 0 0
61.77 77.19 64.11 81.39 0 0
58.29 69.33 50.88 81.72 0 0
91.00 91.81 9.20 95.88 1 0
71.38 30.89 67.76 33.90 0 0
24.74 50.51 22.72 35.62 0 0
42.60 57.17 54.99 41.91 0 0
70.47 85.94 56.03 96.89 0 0
17.36 42.13 16.21 43.37 0 0
27.78 29.50 32.88 16.99 0 0
17.86 48.12 29.81 42.44 0 0
45.42 99.18 47.51 81.72 0 0
92.17 6.69 91.62 89.18 0 -1
46.90 88.90 44.61 82.40 0 0
22.65 56.01 14.32 40.57 0 0
30.51 52.69 20.20 56.71 0 0
9.66 84.72 0.71 82.92 0 0
93.46 45.99 2.88 53.14 1 0
87.85 3.85 86.01 97.97 0 -1
44.66 16.54 35.90 1.02 0 0
24.76 30.31 20.31 23.91 0 0
78.90 34.74 84.36 15.13 0 0
93.09 21.40 97.72 13.05 0 0
22.65 56.40 30.83 62.09 0 0
7.86 35.79 89.86 36.77 -1 0
30.95 49.76 30.82 37.61 0 0
91.39 37.55 99.27 29.15 0 0
5.87 41.29 6.52 36.68 0 0
7.24 72.35 16.22 88.50 0 0
14.72 93.51 7.83 85.60 0 0
33.84 76.95 56.48 74.31 0 0
86.88 65.80 71.66 42.58 0 0
49.66 95.72 62.69 6.84 0 1
91.32 61.11 81.94 73.68 0 0
7.27 34.70 16.51 38.03 0 0
97.93 27.53 78.10 20.43 0 0
28.46 60.87 8.50 63.71 0 0
55.58 81.02 52.68 80.96 0 0
29.29 95.02 0.62 84.23 0 0
77.17 24.25 93.50 16.58 0 0
73.01 0.32 78.63 92.22 0 -1
67.70 48.69 52.57 45.75 0 0
36.55 17.11 57.41 24.97 0 0
89.64 23.51 68.59 26.85 0 0
22.39 89.83 19.33 3.16 0 1
21.78 70.99 1.65 59.58 0 0
60.02 32.05 58.88 40.04 0 0
38.20 83.86 47.69 97.66 0 0
5.84 21.98 11.47 36.93 0 0
11.89 39.77 13.84 56.43 0 0
53.83 54.00 55.80 68.29 0 0
39.25 71.04 22.56 88.86 0 0
81.35 22.19 64.05 45.36 0 0
54.36 84.64 46.25 86.42 0 0
2.28 79.91 0.16 70.92 0 0
8.43 2.07 94.63 30.37 -1 0
38.58 32.08 36.33 40.38 0 0
18.20 47.44 38.81 47.17 0 0
97.42 88.62 16.24 70.00 1 0
20.47 18.46 11.34 18.40 0 0
37.39 25.77 72.61 18.30 0 0
52.50 67.70 75.01 68.93 0 0
6.15 40.81 9.49 22.97 0 0
89.69 71.45 91.80 61.25 0 0
73.67 91.50 76.95 61.57 0 0
94.23 56.69 70.78 78.22 0 0
35.67 28.35 21.45 22.11 0 0
67.10 72.26 60.27 96.94 0 0
20.24 78.76 23.65 66.92 0 0
8.57 17.85 8.57 34.32 0 0
98.70 58.86 15.65 43.72 1 0
6.79 28.67 12.60 34.45 0 0
54.16 1.43 78.95 0.45 0 0
6.44 61.26 29.72 75.90 0 0
0.82 14.69 1.64 10.37 0 0
8.46 80.09 1.19 73.80 0 0
79.52 93.06 82.03 96.55 0 0
31.14 89.42 21.44 1.42 0 1
94.85 43.34 92.30 36.86 0 0
79.87 96.58 48.14 16.89 0 1
32.85 26.15 23.12 31.60 0 0
28.62 61.20 15.36 42.48 0 0
45.96 58.28 46.89 74.95 0 0
31.70 3.06 45.68 13.89 0 0
30.19 45.47 21.80 51.68 0 0
54.50 38.68 69.83 26.30 0 0
6.91 52.99 94.86 60.04 -1 0
66.38 78.39 48.16 76.09 0 0
12.33 47.55 12.93 28.63 0 0
86.31 27.39 88.79 33.59 0 0
97.96 67.19 92.44 72.91 0 0
41.75 24.25 37.92 7.20 0 0
71.03 38.20 86.49 28.34 0 0
60.56 22.37 42.22 22.82 0 0
21.78 91.63 5.64 66.82 0 0
84.71 35.60 94.16 96.40 0 -1
16.16 28.52 11.58 32.31 0 0
75.44 2.65 75.89 18.63 0 0
42.01 24.22 31.47 20.59 0 0
10.62 41.66 3.61 52.40 0 0
79.66 88.94 95.30 90.41 0 0
17.82 10.17 11.46 23.75 0 0
27.68 87.78 38.74 83.94 0 0
7.46 73.47 4.18 79.74 0 0
35.27 68.24 23.42 68.98 0 0
37.89 82.86 50.85 87.74 0 0
84.18 25.65 10.41 17.28 1 0
68.71 28.82 83.66 34.12 0 0
81.73 95.78 51.22 20.38 0 1
2.96 58.91 2.20 90.29 0 0
88.61 86.18 83.62 3.74 0 1
58.15 12.19 72.13 27.52 0 0
11.80 60.53 97.05 50.74 -1 0
95.79 10.13 87.56 1.04 0 0
3.12 62.31 4.61 47.67 0 0
94.95 79.19 95.94 82.24 0 0
87.15 18.04 3.65 42.63 1 0
94.96 24.26 93.29 6.20 0 0
83.51 88.24 69.26 4.18 0 1
15.89 91.69 19.11 81.16 0 0
97.58 54.77 87.71 37.62 0 0
92.05 35.77 94.15 22.11 0 0
51.64 90.04 52.98 84.69 0 0
77.76 13.13 57.43 35.44 0 0
96.47 71.58 91.67 52.41 0 0
57.45 35.22 34.40 25.18 0 0
33.10 62.68 54.33 63.97 0 0
97.62 43.07 58.55 73.64 0 0
79.82 34.10 92.31 37.34 0 0
68.29 18.77 54.58 23.02 0 0
76.32 34.05 87.43 50.95 0 0
66.33 83.62 63.49 90.92 0 0
87.85 63.21 96.39 74.71 0 0
21.77 11.40 25.85 87.44 0 -1
