0
0
0.00323985
0.00820875
0.0114582
0.015897
0.0195124
0.0243987
0.0308133
0.0375956
0.0458017
0.0516686
0.0585489
0.0670405
0.0754356
0.0843571
0.0949033
0.103903
0.112871
0.121348
0.131713
0.140916
0.152071
0.163688
0.174494
0.187521
0.198107
0.210629
0.223177
0.235291
0.247209
0.259634
0.273106
0.286357
0.298107
0.308904
0.318345
0.327745
0.33388
0.337554
0.339987
0.340618
0.341984
0.343661
0.347655
0.350789
0.352832
0.355749
0.361514
0.368562
0.375486
0.383844
0.392485
0.399209
0.406393
0.416458
0.426973
0.435821
0.442116
0.447964
0.455694
0.46255
0.471534
0.481671
0.488589
0.494823
0.503616
0.511492
0.519851
0.528328
0.53751
0.547448
0.558132
0.566924
0.574207
0.580199
0.587613
0.591182
0.592616
0.59211
0.591018
0.588263
0.584561
0.582587
0.580951
0.580305
0.579872
0.578916
0.576366
0.576035
0.576545
0.580434
0.588927
0.599382
0.608352
0.616147
0.625776
0.636938
0.644218
0.651843
0.660551
0.668926
0.67745
0.687286
0.698037
0.708204
0.715925
0.72317
0.731591
0.739097
0.745843
0.750664
0.755315
0.759157
0.762956
0.765671
0.764755
0.762413
0.758754
0.75486
0.749715
0.745125
0.740924
0.734312
0.72793
0.719406
0.712203
0.705012
0.697258
0.690069
0.682788
0.676915
0.669223
0.662581
0.65647
0.651986
0.646451
0.64137
0.637537
0.633312
0.626765
0.618779
0.609992
0.601777
0.593699
0.588724
0.581253
0.575814
0.568587
0.561068
0.555583
0.548257
0.542553
0.535856
0.528117
0.51892
0.510557
0.50089
0.4958
0.490528
0.485013
0.480603
0.473215
0.465247
0.457709
0.449692
0.440417
0.432402
0.426054
0.417509
0.410291
0.401803
0.393982
0.386351
0.377225
0.36541
0.352416
0.338339
0.324094
0.308902
0.293767
0.279338
0.265573
0.249324
0.229438
0.209885
0.191628
0.173957
0.155625
0.139097
0.121261
0.104794
0.0890625
0.0729001
0.0561581
0.0396564
0.0242274
0.0078824
9.99013
9.97504
9.95872
9.94237
9.9254
9.90803
9.88983
9.86934
9.849
9.82931
9.80797
9.78916
9.76891
9.74957
9.73332
9.71854
9.70205
9.68377
9.66547
9.64948
9.63276
9.61682
9.60372
9.58925
9.57675
9.56496
9.55295
9.53946
9.52523
9.5146
9.50265
9.48922
9.47557
9.46301
9.45151
9.44065
9.42956
9.41749
9.40627
9.39504
9.38579
9.37768
9.37099
9.36346
9.35756
9.35068
9.34626
9.34272
9.33771
9.33424
9.33102
9.32784
9.32447
9.3195
9.31485
9.30968
9.30499
9.29904
9.2947
9.29076
9.28565
9.28051
9.27703
9.27424
9.27142
9.26845
9.26379
9.26259
9.26
9.2573
9.25442
9.24997
9.24462
9.23703
9.22582
9.21448
9.20153
9.18706
9.17219
9.15773
9.14254
9.1264
9.10935
9.0912
9.07286
9.05183
9.02969
9.00988
8.99115
8.97575
8.96124
8.94592
8.92986
8.91633
8.90268
8.88806
8.87705
8.86642
8.85733
8.85007
8.84121
8.83292
8.82497
8.81897
8.81297
8.8075
8.79996
8.79102
8.7804
8.77061
8.76142
8.75245
8.74082
8.72648
8.71223
8.70107
8.69198
8.68398
8.67564
8.66686
8.65914
8.65114
8.64162
8.63254
8.6241
8.61447
8.60336
8.59479
8.58626
8.57762
8.56821
8.55766
8.54769
8.54001
8.53287
8.52425
8.51619
8.50978
8.50415
8.49799
8.48843
8.48006
8.47211
8.4655
8.45963
8.45371
8.44902
8.44309
8.4375
8.43359
8.42895
8.42375
8.41832
8.41268
8.40693
8.40216
8.39621
8.38989
8.38268
8.37626
8.36944
8.36161
8.35537
8.35005
8.3447
8.33718
8.32768
8.32109
8.31409
8.30912
8.302
8.29486
8.28527
8.27556
8.26769
8.25836
8.24767
8.23421
8.22065
8.20701
8.19376
8.17892
8.16309
8.14691
8.13087
8.11652
8.10173
8.08941
8.0786
8.06718
8.05626
8.04393
8.03
8.01686
8.00396
7.99155
7.9786
7.96548
7.95332
7.94044
7.92724
7.91512
7.90023
7.8867
7.87471
7.86292
7.85136
7.83806
7.82441
7.81078
7.79556
7.78055
7.76563
7.75004
7.73196
7.71412
7.69584
7.6788
7.66169
7.64431
7.62893
7.61415
7.59951
7.58414
7.56895
7.55266
7.53306
7.51188
7.4901
7.46787
7.44592
7.42319
7.39857
7.37399
7.34944
7.32465
7.29886
7.27107
7.24352
7.21906
7.19232
7.16358
7.13467
7.10689
7.07933
7.05335
7.02865
7.00515
6.98031
6.95457
6.93007
6.90576
6.88303
6.86334
6.84368
6.82347
6.80696
6.7882
6.77009
6.75388
6.73508
6.71737
6.69642
6.67634
6.65783
6.63721
6.61493
6.59478
6.57285
6.55029
6.52599
6.50053
6.47336
6.44634
6.41801
6.39063
6.36083
6.33231
6.30195
6.27408
6.24555
6.21437
6.18369
6.15306
6.12302
6.09317
6.06283
6.03063
5.9962
5.962
5.92773
5.89182
5.85544
5.8213
5.78754
5.75474
5.72321
5.69241
5.65973
5.62667
5.59213
5.55746
5.52269
5.48659
5.45064
5.41443
5.37731
5.33792
5.30082
5.26189
5.22528
5.18893
5.15162
5.11558
5.08048
5.04783
5.01521
4.98161
4.94751
4.91194
4.87723
4.84271
4.80829
4.77415
4.73885
4.70111
4.66392
4.62668
4.58824
4.54673
4.50367
4.45794
4.41288
4.36827
4.32341
4.28015
4.23907
4.19676
4.15449
4.11194
4.0718
4.03008
3.99213
3.9527
3.913
3.8728
3.83177
3.78924
3.74506
3.70155
3.65813
3.61576
3.57456
3.53367
3.49264
3.45379
3.41418
3.37583
3.33836
3.29952
3.26023
3.22183
3.17903
3.1355
3.09382
3.05127
3.00774
2.96477
2.92055
2.87734
2.83463
2.79412
2.75172
2.70947
2.66785
2.62637
2.58248
2.53871
2.49464
2.45249
2.40903
2.36691
2.32639
2.29015
2.25517
2.22012
2.1861
2.15112
2.11855
2.08544
2.05427
2.02195
1.9902
1.95755
1.92535
1.89487
1.86451
1.83413
1.80394
1.77299
1.74384
1.71501
1.6861
1.65831
1.62835
1.59964
1.57281
1.54474
1.51533
1.48615
1.45778
1.43002
1.40215
1.37214
1.3429
1.31452
1.28589
1.25962
1.23336
1.20786
1.18289
1.15953
1.13711
1.1179
1.0984
1.07962
1.05808
1.03528
1.01063
0.986544
0.962723
0.938642
0.914712
0.890716
0.865444
0.838947
0.810066
0.780475
0.751604
0.723668
0.697309
0.669761
0.644344
0.618943
0.592364
0.566722
0.543648
0.521332
0.498544
0.475856
0.454675
0.432339
0.41309
0.39337
0.37156
0.350901
0.329811
0.308348
0.287615
0.267932
0.249353
0.231729
0.213073
0.194946
0.175417
0.156495
0.136407
0.116228
0.0951599
0.0751688
0.0555506
0.0370871
0.0207414
0.00296258
9.98594
9.9699
9.95421
9.93847
9.92411
9.90967
9.89517
9.88356
9.87046
9.85737
9.84436
9.83092
9.81641
9.8042
9.79098
9.7774
9.76322
9.74923
9.73675
9.72295
9.71139
9.69454
9.67885
9.66268
9.64776
9.63211
9.61882
9.6046
9.59094
9.57701
9.56108
9.54384
9.52638
9.50743
9.48929
9.47283
9.45675
9.44105
9.42338
9.40286
9.38374
9.36297
9.34197
9.32214
9.30509
9.28569
9.2656
9.24363
9.22464
9.20599
9.18531
9.16564
9.14423
9.12514
9.10665
9.08731
9.06839
9.04882
9.03022
9.00972
8.98931
8.97012
8.95398
8.93675
8.91867
8.90081
8.88066
8.85871
8.83526
8.81482
8.79355
8.77271
8.75282
8.73393
8.71652
8.6958
8.67307
8.65089
8.6307
8.6103
8.59005
8.57143
8.55272
8.53486
8.51689
8.49837
8.48176
8.46564
8.44898
8.43212
8.41459
8.39491
8.37669
8.35728
8.33841
8.32066
8.30257
8.28395
8.26435
8.24546
8.22815
8.20994
8.18825
8.16683
8.14441
8.12222
8.099
8.07552
8.05343
8.03306
8.01518
7.99303
7.97278
7.95392
7.93691
7.91815
7.89927
7.88283
7.86662
7.8517
7.83854
7.8275
7.81515
7.80222
7.79012
7.77987
7.76854
7.75864
7.74676
7.73427
7.72126
7.71103
7.69753
7.68328
7.6711
7.65687
7.64285
7.63079
7.61923
7.61029
7.60117
7.58897
7.57559
7.56178
7.54824
7.53205
7.51611
7.501
7.48507
7.47037
7.45795
7.44523
7.43292
7.41876
7.40495
7.39298
7.38141
7.36599
7.35393
7.34268
7.32987
7.31578
7.30289
7.29359
7.2841
7.27403
7.26439
7.25386
7.24145
7.23074
7.21848
7.206
7.19429
7.18234
7.17047
7.15859
7.147
7.13657
7.12769
7.11947
7.10994
7.10381
7.09717
7.09125
7.08349
7.07431
7.06414
7.05378
7.04398
7.03502
7.02837
7.02241
7.01643
7.01049
7.00465
6.99604
6.9874
6.97653
6.96443
6.95248
6.9405
6.92554
6.90935
6.89373
6.87792
6.86204
6.84771
6.83359
6.81765
6.80176
6.78706
6.77417
6.76172
6.75001
6.73859
6.72837
6.72001
6.7118
6.70417
6.69467
6.68611
6.67476
6.66356
6.65154
6.63856
6.62368
6.60639
6.58882
6.56987
6.55254
6.53333
6.51304
6.48981
6.46766
6.44406
6.42039
6.39512
6.37213
6.34817
6.32196
6.29664
6.2734
6.25095
6.22847
6.20522
6.18044
6.15448
6.12871
6.10382
6.07713
6.04842
6.01935
5.98959
5.95913
5.92968
5.90063
5.87069
5.84294
5.81389
5.78733
5.76313
5.73794
5.71547
5.69395
5.67248
5.65305
5.63266
5.61412
5.59765
5.58316
5.56728
5.55045
5.53262
5.51464
5.49682
5.47889
5.46561
5.45276
5.43965
5.42807
5.4175
5.40853
5.39905
5.38993
5.38171
5.37232
5.36374
5.35295
5.34523
5.33645
5.3285
5.3209
5.31604
5.31099
5.30575
5.30051
5.2982
5.29878
5.30092
5.30315
5.3065
5.3119
5.31675
5.32073
5.32786
5.33305
5.33672
5.34001
5.34454
5.35116
5.3578
5.36271
5.36763
5.37195
5.3792
5.38557
5.39093
5.39475
5.39549
5.39675
5.39713
5.39566
5.39207
5.39116
5.39019
5.389
5.38726
5.3841
5.38025
5.37478
5.36835
5.35926
5.34901
5.33782
5.32694
5.31505
5.3038
5.29321
5.28122
5.26873
5.25579
5.2431
5.22941
5.21661
5.20372
5.19184
5.18158
5.16982
5.15823
5.14788
5.13602
5.12343
5.10933
5.09439
5.07934
5.06178
5.04656
5.03395
5.02131
5.00737
4.99275
4.97722
4.96335
4.94883
4.93441
4.92121
4.90597
4.89182
4.87923
4.86833
4.85606
4.84189
4.82596
4.80936
4.79241
4.77585
4.75804
4.74102
4.72732
4.71458
4.70262
4.69138
4.6793
4.66714
4.65908
4.65013
4.6408
4.62961
4.62
4.60874
4.59908
4.58786
4.57532
4.56309
4.55269
4.54121
4.52887
4.51657
4.50403
4.49192
4.47926
4.46707
4.45725
4.44447
4.43151
4.41834
4.40661
4.3961
4.38554
4.37509
4.36399
4.35326
4.34209
4.33101
4.3215
4.31097
4.29741
4.2837
4.27181
4.26136
4.25366
4.24683
4.23883
4.22846
4.21715
4.20538
4.19356
4.18231
4.17184
4.16148
4.15263
4.1424
4.13085
4.12061
4.10928
4.09812
4.08544
4.07345
4.06165
4.05039
4.0403
4.03071
4.02143
4.01415
4.0081
4.00345
3.99718
3.99168
3.98734
3.98416
3.9801
3.97413
3.96715
3.9637
3.95981
3.95765
3.95604
3.95422
3.95007
3.94694
3.94404
3.94155
3.93964
3.93669
3.93225
3.92956
3.92842
3.92629
3.92441
3.92014
3.91686
3.91323
3.91222
3.912
3.91122
3.9117
3.91107
3.90972
3.90924
3.90887
3.90865
3.90679
3.9056
3.90502
3.90065
3.89686
3.89297
3.89066
3.88662
3.88126
3.87554
3.87189
3.86976
3.87047
3.87268
3.87424
3.87335
3.87329
3.87407
3.87752
3.87866
3.87946
3.87787
3.87578
3.87234
3.86864
3.86647
3.86347
3.86137
3.85846
3.85594
3.85308
3.85019
3.84649
3.83893
3.83214
3.8241
3.81513
3.80475
3.79473
3.7851
3.77568
3.76651
3.7596
3.75064
3.74606
3.74377
3.73958
3.73543
3.73027
3.72446
3.71764
3.71075
3.70417
3.69759
3.69125
3.68347
3.67639
3.66861
3.66115
3.65388
3.64487
3.63562
3.6251
3.61506
3.60392
3.59229
3.58318
3.57391
3.56468
3.55447
3.54439
3.53521
3.5237
3.51542
3.50791
3.50097
3.49126
3.48331
3.47517
3.46649
3.45916
3.4531
3.44744
3.4409
3.43471
3.42813
3.42354
3.41874
3.41339
3.41055
3.40696
3.40274
3.39782
3.39461
3.39149
3.38907
3.38759
3.38357
3.38102
3.37817
3.37413
3.36923
3.36452
3.35881
3.35256
3.34861
3.34517
3.34142
3.33822
3.33302
3.32742
3.32317
3.31883
3.31502
3.31063
3.30706
3.30358
3.30113
3.29822
3.29375
3.29096
3.28643
3.28011
3.27526
3.26951
3.26473
3.26211
3.26275
3.26122
3.25931
3.25594
3.25265
3.2495
3.24861
3.24937
3.24869
3.24982
3.25059
3.25055
3.25182
3.25225
3.2514
3.25089
3.24877
3.24698
3.24554
3.24339
3.24069
3.23885
3.23827
3.23902
3.2415
3.24437
3.2475
3.25049
3.25361
3.25725
3.25966
3.26406
3.26704
3.27038
3.27476
3.27793
3.28082
3.28277
3.28402
3.28582
3.28736
3.29059
3.29248
3.29423
3.29606
3.29892
3.30035
3.29897
3.29779
3.29596
3.2918
3.28613
3.28066
3.27687
3.27582
3.27278
3.26883
3.26791
3.26675
3.26523
3.26345
3.26066
3.25773
3.25549
3.25225
3.25042
3.24747
3.24358
3.24154
3.24117
3.24107
3.24447
3.24764
3.25106
3.25274
3.25369
3.25473
3.25429
3.25456
3.25161
3.24911
3.24688
3.24502
3.24214
3.23906
3.23563
3.23483
3.23461
3.23362
3.23436
3.23687
3.2403
3.24506
3.24874
3.25227
3.25562
3.25921
3.26233
3.26734
3.26985
3.27327
3.27794
3.28067
3.2842
3.29037
3.29439
3.29791
3.30107
3.30332
3.30867
3.31272
3.31801
3.32513
3.33682
3.34852
3.35995
3.372
3.38229
3.39559
3.40546
3.41529
3.42387
3.43067
3.43763
3.44442
3.45205
3.4612
3.4698
3.47855
3.48772
3.49593
3.50213
3.50762
3.51324
3.52013
3.52824
3.53477
3.54168
3.54638
3.55035
3.55437
3.55942
3.56594
3.57269
3.57805
3.58531
3.59419
3.60345
3.6104
3.62209
3.63116
3.63867
3.64837
3.65693
3.66565
3.67677
3.68571
3.69351
3.70137
3.71058
3.71994
3.7304
3.74164
3.75395
3.76654
3.77971
3.79087
3.80439
3.81658
3.82697
3.83664
3.84816
3.86257
3.87627
3.88693
3.89792
3.9096
3.92174
3.93229
3.94322
3.9534
3.96656
3.97827
3.98974
4.00127
4.00998
4.01894
4.02895
4.03832
4.0496
4.0616
4.07383
4.08648
4.09937
4.11027
4.12146
4.13486
4.1474
4.16059
4.17229
4.18372
4.19444
4.20743
4.2223
4.23629
4.24878
4.2599
4.27054
4.2828
4.29549
4.30904
4.32012
4.33445
4.34798
4.36127
4.37362
4.38696
4.39954
4.41055
4.42124
4.43201
4.44266
4.45206
4.46101
4.46935
4.47898
4.48986
4.49979
4.51015
4.52161
4.53253
4.54283
4.55063
4.55697
4.56197
4.56783
4.57458
4.58122
4.58716
4.59494
4.6015
4.61004
4.61926
4.62605
4.63182
4.63794
4.6428
4.64645
4.65061
4.65345
4.65669
4.65927
4.66235
4.66681
4.67191
4.67728
4.68375
4.69097
4.69843
4.70546
4.70985
4.71436
4.71999
4.72385
4.72668
4.73238
4.74054
4.74886
4.7558
4.76237
4.76932
4.77807
4.78515
4.7935
4.80238
4.81068
4.81786
4.82788
4.83998
4.85002
4.85746
4.86664
4.87668
4.88721
4.90055
4.91289
4.92483
4.93646
4.94679
4.95674
4.96865
4.9796
4.98767
4.99458
5.00064
5.00739
5.01203
5.01319
5.01624
5.02105
5.02397
5.02734
5.02962
5.03279
5.03557
5.03836
5.0404
5.04325
5.04522
5.04676
5.04945
5.05066
5.05277
5.05543
5.05883
5.06281
5.0656
5.06604
5.06449
5.06041
5.05696
5.05462
5.05134
5.05149
5.0504
5.04912
5.04714
5.04664
5.04903
5.05007
5.05296
5.05791
5.06107
5.064
5.06554
5.0651
5.06487
5.0646
5.06364
5.06157
5.061
5.06018
5.05837
5.05824
5.05883
5.06192
5.06763
5.07081
5.07678
5.08076
5.08428
5.08884
5.0931
5.09953
5.1036
5.10764
5.11242
5.11721
5.12358
5.12933
5.13609
5.1432
5.15066
5.15882
5.16844
5.17665
5.18261
5.19222
5.20217
5.2108
5.2212
5.23151
5.24184
5.2527
5.26328
5.27365
5.28343
5.29589
5.30715
5.31939
5.32945
5.34014
5.35114
5.36471
5.37845
5.3908
5.40316
5.41458
5.42547
5.43487
5.44175
5.44846
5.45892
5.46946
5.48062
5.49108
5.50056
5.50965
5.51686
5.52299
5.52964
5.53615
5.54262
5.55092
5.55945
5.56731
5.57473
5.58558
5.59595
5.6062
5.6182
5.62887
5.63999
5.64934
5.65585
5.65957
5.66248
5.66744
5.6729
5.67822
5.68401
5.68821
5.69148
5.69533
5.69948
5.70272
5.70711
5.71191
5.71799
5.72539
5.73229
5.73724
5.74116
5.7447
5.74854
5.75308
5.75461
5.75519
5.75623
5.75557
5.75628
5.7549
5.75236
5.74782
5.74257
5.73642
5.73132
5.72442
5.71343
5.70348
5.6934
5.68211
5.67187
5.66155
5.65182
5.64254
5.63312
5.62392
5.61575
5.60666
5.59486
5.58436
5.57224
5.56088
5.54997
5.5381
5.5244
5.5104
5.4961
5.47963
5.46226
5.44583
5.42847
5.4102
5.39088
5.37061
5.35102
5.32987
5.30707
5.28559
5.26658
5.24473
5.22359
5.20216
5.18105
5.16052
5.14235
5.12486
5.10489
5.0842
5.06425
5.04413
5.02295
5.00286
4.9809
4.96237
4.94485
4.92683
4.90927
4.89269
4.87937
4.86481
4.85139
4.83377
4.81595
4.80155
4.78761
4.77525
4.7617
4.74655
4.73242
4.72232
4.71366
4.70492
4.69346
4.68152
4.67257
4.66213
4.65126
4.64172
4.63249
4.62274
4.61299
4.6038
4.59572
4.58924
4.5853
4.58175
4.57961
4.57951
4.57822
4.57858
4.57807
4.57847
4.58075
4.58448
4.589
4.5948
4.60065
4.6062
4.61142
4.61702
4.62368
4.63111
4.63737
4.63988
4.63947
4.63861
4.6379
4.64002
4.6409
4.64087
4.64179
4.64308
4.64509
4.64757
4.65063
4.65496
4.65929
4.66314
4.66676
4.67349
4.67972
4.68626
4.69243
4.69371
4.69511
4.6939
4.69263
4.69445
4.69663
4.69933
4.70281
4.70655
4.71081
4.71577
4.71977
4.72293
4.72665
4.73123
4.73487
4.739
4.74257
4.74591
4.74936
4.754
4.75807
4.76156
4.76367
4.76507
4.7638
4.76243
4.7615
4.76094
4.76047
4.75942
4.76112
4.76381
4.76561
4.76941
4.77193
4.77614
4.78071
4.7844
4.78818
4.79371
4.79709
4.7998
4.80064
4.80088
4.80235
4.80185
4.80389
4.80747
4.81228
4.81573
4.82276
4.82934
4.83393
4.83917
4.84331
4.84737
4.85072
4.85488
4.86086
4.86721
4.8724
4.87482
4.87726
4.88078
4.88733
4.89374
4.89875
4.90493
4.90987
4.91766
4.92468
4.92962
4.93502
4.94105
4.94703
4.95219
4.95927
4.96521
4.97237
4.98
4.98654
4.99202
4.99697
5.00142
5.00727
5.01519
5.02258
5.03247
5.04135
5.05161
5.0592
5.06699
5.07624
5.08393
5.09143
5.09873
5.10791
5.1166
5.12702
5.139
5.15023
5.1629
5.17378
5.18516
5.19805
5.21068
5.22431
5.23771
5.25088
5.26487
5.28
5.29731
5.31621
5.33633
5.35866
5.38123
5.40414
5.42942
5.45536
5.48218
5.50944
5.53672
5.56328
5.5891
5.61517
5.64054
5.66536
5.69105
5.71496
5.73799
5.75706
5.77513
5.79289
5.80725
5.82197
5.83709
5.85203
5.86782
5.88345
5.89749
5.91023
5.92304
5.93395
5.94728
5.95928
5.96937
5.98189
5.99305
6.00338
6.01477
6.0249
6.03595
6.04645
6.05779
6.06907
6.08153
6.09116
6.10169
6.11287
6.1235
6.13484
6.14585
6.15577
6.16809
6.17978
6.1917
6.20284
6.21341
6.2243
6.23484
6.24479
6.25274
6.25959
6.26408
6.26677
6.27228
6.27597
6.28121
6.28705
6.29225
6.29753
6.30503
6.31212
6.3199
6.32904
6.33637
6.34659
6.3575
6.37038
6.38164
6.39081
6.40056
6.40937
6.41816
6.42543
6.43413
6.44469
6.45349
6.4645
6.47436
6.48406
6.4919
6.49887
6.50665
6.51472
6.52073
6.52423
6.52864
6.53257
6.5373
6.54096
6.54265
6.54126
6.53851
6.53518
6.53063
6.5256
6.52019
6.51486
6.50911
6.50258
6.49462
6.48555
6.47643
6.4667
6.4585
6.45046
6.44106
6.42934
6.4177
6.4071
6.39722
6.38612
6.37539
6.36542
6.35466
6.34384
6.33343
6.32259
6.31016
6.3001
6.28787
6.2733
6.25738
6.24244
6.22728
6.21555
6.20193
6.18719
6.17208
6.15694
6.13967
6.12244
6.10477
6.08827
6.07377
6.06085
6.04919
6.0373
6.02601
6.01686
6.00586
5.99472
5.98257
5.96991
5.95708
5.94485
5.93311
5.92071
5.90856
5.89569
5.88235
5.87292
5.86462
5.85591
5.85002
5.84361
5.83603
5.82824
5.82007
5.81199
5.80457
5.79722
5.79046
5.78349
5.77672
5.76857
5.76102
5.75349
5.74559
5.74026
5.73416
5.72719
5.72182
5.71856
5.71631
5.71208
5.70855
5.70481
5.70225
5.70057
5.69928
5.70033
5.70142
5.70029
5.6989
5.70006
5.70058
5.70213
5.70305
5.70346
5.7037
5.7039
5.70643
5.70838
5.71037
5.71277
5.71278
5.71344
5.71529
5.7182
5.72022
5.72226
5.72599
5.73007
5.73344
5.73615
5.7398
5.74345
5.74787
5.75597
5.76202
5.7688
5.77336
5.77569
5.77591
5.77491
5.77328
5.7703
5.76784
5.76646
5.76652
5.76534
5.76631
5.76976
5.77227
5.77528
5.77938
5.78528
5.78977
5.79339
5.79813
5.80542
5.81317
5.82062
5.82797
5.83497
5.84131
5.85013
5.86002
5.86839
5.8778
5.88702
5.89471
5.904
5.91189
5.92012
5.92805
5.93752
5.94708
5.95661
5.9641
5.96833
5.97418
5.97949
5.98522
5.98966
5.99629
6.00145
6.00621
6.01037
6.01494
6.02012
6.0259
6.0327
6.04116
6.04959
6.05837
6.06717
6.07658
6.08579
6.09669
6.10901
6.12091
6.13278
6.14322
6.15354
6.16422
6.17381
6.18371
6.19373
6.20388
6.2147
6.22693
6.23812
6.24876
6.25918
6.27074
6.28352
6.2993
6.31519
6.33062
6.34552
6.35928
6.37215
6.38533
6.39994
6.41324
6.42645
6.43948
6.45277
6.46593
6.47679
6.4874
6.49402
6.50333
6.5118
6.5206
6.53094
6.5436
6.55726
6.5707
6.58145
6.59286
6.60395
6.61335
6.62441
6.63543
6.64678
6.65836
6.66818
6.6785
6.68945
6.70031
6.7115
6.72281
6.73117
6.73884
6.74584
6.75401
6.76539
6.77489
6.78291
6.78986
6.79589
6.80295
6.80954
6.81573
6.82297
6.82949
6.8368
6.84513
6.85432
6.8637
6.87463
6.88684
6.89919
6.91132
6.92346
6.93662
6.94943
6.9621
6.97667
6.98981
7.00296
7.01445
7.02611
7.03933
7.0511
7.06326
7.07744
7.09202
7.10644
7.12203
7.13538
7.1493
7.16203
7.17462
7.18748
7.19943
7.20919
7.21642
7.22023
7.22164
7.22345
7.22568
7.22801
7.23055
7.23236
7.22973
7.22817
7.22625
7.22449
7.22262
7.22074
7.21806
7.2169
7.21478
7.21387
7.20973
7.20537
7.19897
7.19231
7.18436
7.17654
7.16913
7.16071
7.15247
7.14237
7.13116
7.11989
7.10799
7.09879
7.08746
7.07495
7.06311
7.05089
7.03937
7.02788
7.01573
7.00605
6.99493
6.98293
6.973
6.96033
6.94452
6.93081
6.91828
6.90603
6.89213
6.88131
6.86766
6.85394
6.83985
6.82554
6.81112
6.79642
6.78247
6.76905
6.75585
6.7423
6.72994
6.72004
6.71148
6.70137
6.69174
6.68018
6.67012
6.65847
6.64689
6.63653
6.62829
6.61936
6.60983
6.60006
6.5909
6.58222
6.57353
6.56561
6.55717
6.54968
6.54318
6.5358
6.52889
6.52197
6.51358
6.50497
6.49563
6.48953
6.48138
6.47239
6.4655
6.45604
6.44647
6.43679
6.42556
6.41445
6.40548
6.39599
6.38672
6.37689
6.36501
6.35446
6.34382
6.33419
6.3242
6.31366
6.30277
6.29389
6.2848
6.27657
6.27113
6.26471
6.26085
6.25695
6.25253
6.24948
6.24577
6.24288
6.23801
6.23575
6.23394
6.23222
6.23189
6.23266
6.23275
6.23156
6.22638
6.22031
6.21527
6.21007
6.20352
6.19751
6.19238
6.18803
6.18291
6.17661
6.17254
6.16559
6.15833
6.15039
6.14213
6.13622
6.129
6.12134
6.11192
6.10329
6.09614
6.09146
6.08498
6.07877
6.07506
6.07008
6.06511
6.05999
6.05398
6.05044
6.04568
6.0434
6.04176
6.03957
6.03806
6.03455
6.03135
6.02822
6.02612
6.02146
6.01576
6.00999
6.00375
5.99588
5.98716
5.9772
5.96726
5.95791
5.94983
5.94246
5.93597
5.93055
5.92387
5.91661
5.90905
5.90513
5.90165
5.90026
5.89568
5.8896
5.88537
5.88038
5.87402
5.86855
5.86184
5.8535
5.84602
5.83961
5.83269
5.82634
5.8203
5.81221
5.80317
5.79471
5.78592
5.77978
5.77439
5.77163
5.77035
5.76798
5.76448
5.75975
5.75597
5.75323
5.74995
5.74468
5.73912
5.7333
5.72716
5.71881
5.71
5.70189
5.69312
5.68436
5.6745
5.66676
5.65837
5.65072
5.64361
5.63779
5.63221
5.62542
5.61837
5.61366
5.61049
5.61077
5.61046
5.60807
5.6043
5.59865
5.59326
5.58784
5.58393
5.58095
5.57943
5.57664
5.57365
5.56919
5.56458
5.56099
5.55938
5.55877
5.55695
5.55412
5.55377
5.55422
5.55525
5.55776
5.55569
5.55406
5.55114
5.5452
5.53829
5.53271
5.52577
5.52005
5.51398
5.50708
5.50233
5.49818
5.4942
5.49065
5.48641
5.48182
5.47593
5.46957
5.46341
5.45618
5.44787
5.44107
5.43525
5.4299
5.42488
5.41907
5.41455
5.41003
5.40594
5.40387
5.40103
5.39699
5.39351
5.38984
5.38654
5.38226
5.37812
5.37295
5.36928
5.36775
5.36402
5.35997
5.35634
5.35291
5.35018
5.34746
5.3442
5.34328
5.3403
5.33996
5.33929
5.33894
5.33878
5.34046
5.34477
5.35033
5.35625
5.36168
5.3702
5.37989
5.39009
5.39971
5.41077
5.42231
5.43326
5.44482
5.45797
5.47396
5.49053
5.50595
5.52163
5.53785
5.55252
5.56644
5.57882
5.58917
5.59865
5.6066
5.61449
5.62255
5.63118
5.638
5.64705
5.65834
5.66921
5.68044
5.69287
5.70199
5.71339
5.72361
5.73326
5.74105
5.74827
5.75713
5.76462
5.77267
5.78211
5.79313
5.80413
5.81453
5.82477
5.83507
5.84674
5.85804
5.86654
5.87332
5.88108
5.88737
5.89334
5.90121
5.91063
5.92065
5.93165
5.94106
5.95115
5.96391
5.97716
5.98974
6.00054
6.00937
6.0168
6.0262
6.03813
6.05028
6.06366
6.07656
6.08778
6.09816
6.10935
6.12171
6.13418
6.14527
6.15804
6.16758
6.1775
6.1869
6.1962
6.20583
6.21713
6.22807
6.23693
6.24452
6.2498
6.25787
6.26468
6.2719
6.28046
6.28723
6.29516
6.30421
6.31305
6.32135
6.33009
6.33749
6.34355
6.35045
6.357
6.36299
6.37009
6.38065
6.3913
6.40014
6.40956
6.42037
6.43022
6.43984
6.45118
6.46081
6.47062
6.47907
6.48359
6.48857
6.49484
6.50335
6.51335
6.52272
6.53477
6.5475
6.5578
6.56938
6.58248
6.59749
6.61257
6.62911
6.64374
6.65681
6.67203
6.6875
6.70263
6.71895
6.73294
6.74438
6.7549
6.76499
6.77744
6.78774
6.7978
6.80808
6.81837
6.83215
6.84509
6.85542
6.86581
6.87545
6.88466
6.89442
6.90374
6.91321
6.92106
6.92807
6.93656
6.94503
6.95298
6.96374
6.97438
6.98211
6.98932
6.99485
6.99784
7.00008
7.00157
7.00089
6.99865
6.99718
6.99721
6.99756
6.99485
6.99129
6.98783
6.98422
6.98181
6.97944
6.97777
6.97452
6.97229
6.97033
6.9663
6.96262
6.95588
6.94786
6.93961
6.93104
6.92489
6.9183
6.91207
6.90495
6.89619
6.88658
6.87727
6.86732
6.85824
6.84956
6.84038
6.83061
6.82029
6.81186
6.80304
6.7949
6.78447
6.77355
6.76123
6.74874
6.73479
6.7204
6.70704
6.69542
6.68312
6.67026
6.65779
6.64658
6.63782
6.62906
6.61806
6.60945
6.60275
6.59584
6.58664
6.57901
6.57124
6.56326
6.55579
6.54553
6.5338
6.52243
6.50975
6.49728
6.48499
6.47344
6.45855
6.44262
6.42618
6.40986
6.39453
6.38075
6.36842
6.35572
6.34438
6.33183
6.31853
6.30613
6.29526
6.28271
6.27126
6.25991
6.24897
6.23723
6.22429
6.21149
6.19603
6.18029
6.16575
6.15036
6.1353
6.12088
6.10679
6.09266
6.07774
6.06092
6.04333
6.02765
6.01173
5.9944
5.97933
5.96322
5.94711
5.92909
5.91335
5.89785
5.88287
5.86544
5.84978
5.8341
5.81804
5.80226
5.78706
5.77565
5.76503
5.7557
5.74643
5.74037
5.7335
5.72787
5.72367
5.71855
5.71439
5.70917
5.70278
5.69616
5.68888
5.68053
5.67322
5.6662
5.66142
5.65795
5.6524
5.64731
5.64063
5.63191
5.62133
5.61084
5.60003
5.58902
5.57679
5.56552
5.55649
5.54741
5.54118
5.53598
5.53002
5.5221
5.51536
5.50766
5.50066
5.49169
5.48222
5.4738
5.46625
5.45867
5.4521
5.44557
5.43963
5.43178
5.42621
5.42025
5.41275
5.40333
5.39342
5.38501
5.37605
5.36945
5.36464
5.36056
5.35677
5.35258
5.34712
5.34233
5.3372
5.33377
5.3323
5.32852
5.32512
5.32312
5.32157
5.31982
5.31771
5.31682
5.3135
5.31064
5.30828
5.30371
5.29743
5.29173
5.28422
5.2762
5.26873
5.26282
5.25586
5.24829
5.24224
5.23405
5.22393
5.21414
5.2033
5.19052
5.18024
5.1677
5.15354
5.13789
5.1229
5.1089
5.09584
5.08511
5.07466
5.06561
5.05819
5.05164
5.04467
5.03535
5.02513
5.0155
5.00506
4.99529
4.98561
4.977
4.968
4.96138
4.95503
4.94653
4.93665
4.9283
4.92113
4.91507
4.90983
4.90541
4.90185
4.89641
4.88953
4.88458
4.87846
4.87367
4.86785
4.86377
4.86053
4.85759
4.85403
4.84942
4.84512
4.84237
4.84026
4.83743
4.8329
4.8285
4.82541
4.82238
4.81925
4.81683
4.81658
4.81741
4.8168
4.81603
4.81624
4.81351
4.81064
4.80895
4.80862
4.80453
4.80165
4.79808
4.79594
4.79068
4.78405
4.77782
4.77152
4.76817
4.76416
4.75921
4.75328
4.74669
4.74075
4.73618
4.73156
4.72884
4.72585
4.72455
4.7243
4.72598
4.7274
4.72737
4.7253
4.72396
4.72363
4.72291
4.72336
4.7237
4.72442
4.7244
4.72563
4.72606
4.72487
4.72674
4.72833
4.73064
4.73074
4.73063
4.73171
4.73295
4.73386
4.73398
4.7319
4.7295
4.72723
4.72633
4.72534
4.72575
4.72524
4.72424
4.72132
4.71989
4.71863
4.71772
4.71448
4.71082
4.70842
4.70525
4.70134
4.69604
4.69186
4.68733
4.68249
4.68041
4.67837
4.67531
4.67256
4.668
4.66231
4.65923
4.65486
4.65317
4.65216
4.64868
4.64666
4.64172
4.63756
4.63303
4.62899
4.62615
4.62588
4.62398
4.62019
4.61601
4.61158
4.60955
4.60642
4.60595
4.60873
4.61305
4.61771
4.62057
4.62409
4.62622
4.62925
4.63164
4.63388
4.63553
4.63609
4.63701
4.63881
4.63913
4.64039
4.64459
4.64807
4.65041
4.65394
4.659
4.66537
4.66949
4.67219
4.67617
4.67974
4.68579
4.69052
4.69438
4.69935
4.70117
4.70242
4.70382
4.70478
4.70765
4.71015
4.71375
4.71818
4.72312
4.72883
4.73353
4.73842
4.74198
4.74437
4.7487
4.75181
4.7554
4.75972
4.76203
4.76421
4.76675
4.76967
4.77221
4.77271
4.774
4.7769
4.78082
4.78385
4.78462
4.78421
4.78249
4.78127
4.77969
4.77778
4.778
4.77904
4.78063
4.78309
4.78717
4.78924
4.7917
4.7941
4.79722
4.80014
4.80143
4.80419
4.80609
4.80983
4.81417
4.81966
4.8292
4.8399
4.84982
4.8569
4.86541
4.87261
4.88197
4.89077
4.8981
4.904
4.90799
4.91212
4.91842
4.92298
4.92487
4.92808
4.93002
4.92846
4.9257
4.92393
4.92141
4.91653
4.9109
4.90777
4.90607
4.90207
4.89959
4.89812
4.89651
4.89483
4.89254
4.88939
4.88758
4.8859
4.88577
4.8853
4.88408
4.88463
4.88427
4.88409
4.88413
4.8874
4.89165
4.89567
4.89856
4.90208
4.90446
4.90865
4.91131
4.91351
4.91703
4.92254
4.92971
4.93804
4.94317
4.94829
4.9532
4.9563
4.96194
4.96708
4.9737
4.98209
4.99194
5.00582
5.0171
5.0301
5.04217
5.0537
5.06693
5.08189
5.09675
5.1107
5.12555
5.13801
5.14872
5.16041
5.17401
5.18918
5.20466
5.22132
5.23338
5.24583
5.25918
5.27251
5.28634
5.30126
5.31222
5.3245
5.33839
5.35197
5.36546
5.37776
5.39083
5.4027
5.41362
5.42457
5.43625
5.44995
5.46423
5.47885
5.49383
5.50975
5.52592
5.54484
5.56305
5.57881
5.59542
5.61526
5.63656
5.65855
5.6807
5.70272
5.72461
5.74649
5.76955
5.79249
5.81388
5.83587
5.85588
5.87448
5.89467
5.91347
5.93269
5.95121
5.96958
5.98501
6.0034
6.01943
6.03379
6.04878
6.06722
6.08308
6.09902
6.11374
6.12991
6.14725
6.16578
6.18469
6.20609
6.22712
6.24648
6.26718
6.28812
6.30858
6.32837
6.34654
6.36539
6.38282
6.3994
6.41591
6.43278
6.4514
6.46984
6.49017
6.50799
6.52641
6.54327
6.55949
6.57461
6.59112
6.60646
6.62358
6.64054
6.65703
6.67179
6.68679
6.70045
6.71296
6.72393
6.73322
6.74234
6.75093
6.75962
6.76793
6.77529
6.78354
6.79059
6.79831
6.80317
6.80921
6.81591
6.82497
6.83373
6.84107
6.84853
6.85486
6.86139
6.8667
6.87398
6.88281
6.89148
6.90036
6.90873
6.91948
6.93185
6.9405
6.94833
6.9558
6.96487
6.97451
6.9824
6.99187
7.00159
7.01229
7.02525
7.03759
7.04898
7.05859
7.06658
7.07486
7.08595
7.09735
7.11068
7.12324
7.13632
7.15022
7.16391
7.17669
7.19002
7.20295
7.21556
7.22767
7.24082
7.25285
7.26224
7.27015
7.27767
7.28421
7.28948
7.29402
7.29761
7.30025
7.30083
7.29761
7.29289
7.28721
7.28239
7.27857
7.27319
7.26734
7.26114
7.25255
7.24571
7.23896
7.23047
7.22067
7.20939
7.1993
7.18884
7.17858
7.16798
7.15768
7.14903
7.14227
7.13702
7.12998
7.12555
7.11919
7.11325
7.10851
7.1057
7.10257
7.10124
7.0991
7.09505
7.09311
7.09048
7.08741
7.08546
7.0821
7.07995
7.07903
7.07962
7.07962
7.08102
7.0816
7.08116
7.08152
7.08191
7.08272
7.08365
7.08436
7.08595
7.08904
7.09155
7.09625
7.10277
7.1112
7.11947
7.12774
7.13549
7.14377
7.14994
7.15581
7.16046
7.16798
7.17761
7.18551
7.19483
7.20306
7.21146
7.22084
7.22934
7.23591
7.24123
7.24815
7.25621
7.26501
7.27492
7.28558
7.29884
7.31227
7.3244
7.33634
7.34872
7.36023
7.37126
7.38229
7.39234
7.40428
7.41453
7.42558
7.43735
7.45066
7.46354
7.47707
7.49121
7.5072
7.52418
7.54031
7.5559
7.57057
7.58331
7.59444
7.60652
7.61673
7.62608
7.63499
7.6431
7.6521
7.66261
7.67314
7.68347
7.69283
7.70121
7.70855
7.71374
7.72052
7.72974
7.73916
7.74512
7.75026
7.75593
7.76151
7.76609
7.76923
7.77271
7.77742
7.7807
7.78591
7.79028
7.79293
7.79494
7.79882
7.80176
7.80445
7.80658
7.80916
7.81333
7.81719
7.8201
7.82255
7.82559
7.82837
7.83196
7.83296
7.83428
7.83387
7.8335
7.8359
7.83773
7.84031
7.84158
7.84358
7.84252
7.84124
7.84127
7.84125
7.84033
7.83752
7.83442
7.8315
7.83004
7.82784
7.82569
7.82362
7.82162
7.82071
7.82127
7.82173
7.82094
7.82108
7.82007
7.81627
7.81128
7.80631
7.80049
7.79428
7.78811
7.78076
7.77461
7.76595
7.7561
7.74456
7.73493
7.72745
7.72066
7.71387
7.70655
7.70035
7.69329
7.68681
7.67983
7.67332
7.66801
7.66328
7.65939
7.656
7.65051
7.64738
7.64438
7.64247
7.64325
7.64496
7.64642
7.64983
7.65213
7.65347
7.65342
7.65236
7.64873
7.64412
7.63634
7.63208
7.6305
7.6288
7.62983
7.63052
7.63511
7.64054
7.64633
7.65173
7.65902
7.66898
7.67799
7.68567
7.69455
7.70201
7.70791
7.71448
7.72325
7.73436
7.74418
7.75358
7.76358
7.77548
7.78627
7.79631
7.80846
7.81906
7.83131
7.84381
7.85605
7.86678
7.88073
7.89234
7.90342
7.91424
7.92411
7.93329
7.94088
7.94805
7.95918
7.96996
7.98139
7.99311
8.00132
8.01118
8.02055
8.03226
8.04313
8.05516
8.06656
8.07728
8.08754
8.0965
8.10511
8.11164
8.11973
8.12764
8.1358
8.14305
8.15043
8.15714
8.16392
8.1714
8.17931
8.18645
8.19332
8.20095
8.20769
8.21169
8.21432
8.21861
8.22465
8.23113
8.23821
8.24699
8.25821
8.26826
8.27836
8.28847
8.29965
8.31223
8.32364
8.3316
8.33755
8.34319
8.34551
8.34837
8.35164
8.35472
8.3559
8.35531
8.35675
8.35824
8.36255
8.3645
8.36522
8.36332
8.36059
8.35615
8.35078
8.34388
8.33762
8.33061
8.32585
8.31991
8.3144
8.31049
8.30755
8.30449
8.30166
8.29922
8.29812
8.29737
8.29991
8.30128
8.30398
8.30736
8.30869
8.30957
8.31131
8.31276
8.31581
8.31843
8.31694
8.3173
8.31909
8.32162
8.32553
8.3281
8.32932
8.32803
8.32589
8.32461
8.32239
8.3226
8.32492
8.3256
8.32448
8.3223
8.32005
8.31752
8.31642
8.31634
8.31546
8.3114
8.30752
8.30425
8.30297
8.30089
8.29923
8.29728
8.29507
8.29431
8.29482
8.29348
8.29284
8.29013
8.28637
8.28162
8.27619
8.27038
8.26365
8.25894
8.25474
8.2496
8.24286
8.23678
8.23081
8.22461
8.22138
8.21992
8.22077
8.22267
8.225
8.22767
8.22839
8.23006
8.2342
8.23742
8.23967
8.24257
8.24618
8.25155
8.25755
8.26209
8.26727
8.27357
8.27823
8.284
8.28653
8.28882
8.2883
8.28894
8.2896
8.28967
8.29075
8.28931
8.28713
8.28573
8.28688
8.28771
8.28835
8.28789
8.28758
8.28989
8.29687
8.30541
8.31098
8.31476
8.31784
8.32035
8.32005
8.32016
8.31993
8.3154
8.31157
8.3073
8.30412
8.29904
8.294
8.28841
8.28573
8.28444
8.28113
8.27626
8.27103
8.26505
8.25916
8.25024
8.24065
8.23241
8.22523
8.21528
8.20406
8.19333
8.18155
8.17063
8.15815
8.14447
8.13034
8.11402
8.09725
8.07803
8.05921
8.04147
8.02428
8.00567
7.98605
7.96607
7.94736
7.93116
7.91607
7.89929
7.88288
7.8649
7.84476
7.82744
7.80839
7.79096
7.77569
7.76187
7.74899
7.7377
7.72718
7.71952
7.71379
7.70948
7.70356
7.6981
7.69343
7.6878
7.68205
7.67611
7.66836
7.65846
7.64704
7.63464
7.6226
7.61262
7.60181
7.59077
7.57937
7.56713
7.55438
7.54352
7.53432
7.52504
7.51668
7.51006
7.50246
7.49561
7.4887
7.48214
7.4747
7.46408
7.45384
7.44459
7.4367
7.42812
7.42193
7.41369
7.40625
7.3996
7.39366
7.38662
7.3789
7.37097
7.36226
7.35717
7.35188
7.34679
7.34221
7.33993
7.34001
7.3406
7.3409
7.34089
7.34137
7.34227
7.34174
7.34167
7.3417
7.34341
7.34484
7.34649
7.34842
7.35035
7.35117
7.35525
7.35995
7.36144
7.36184
7.36307
7.36425
7.36729
7.37179
7.3756
7.38077
7.38722
7.39439
7.40215
7.4099
7.41677
7.42369
7.43107
7.43883
7.44896
7.45649
7.46428
7.47615
7.48932
7.50109
7.51517
7.53018
7.5456
7.55945
7.57188
7.58107
7.5884
7.59477
7.60278
7.61152
7.62115
7.63086
7.64089
7.65052
7.66134
7.67122
7.68013
7.68952
7.69672
7.70413
7.71221
7.71951
7.72718
7.73637
7.74261
7.74924
7.75626
7.76669
7.77504
7.78482
7.79555
7.80799
7.82153
7.83462
7.8483
7.85973
7.8727
7.88632
7.8997
7.91351
7.92642
7.94004
7.95561
7.97289
7.9904
8.00919
8.02646
8.04403
8.06186
8.07935
8.09582
8.11285
8.13239
8.1504
8.16863
8.18672
8.20687
8.22747
8.24828
8.2715
8.29215
8.31338
8.33545
8.35646
8.37838
8.40062
8.4217
8.44003
8.45655
8.47453
8.49389
8.51432
8.53464
8.55534
8.57597
8.5993
8.62257
8.64752
8.67232
8.69854
8.72499
8.74915
8.77398
8.79897
8.82388
8.84556
8.86618
8.88605
8.90777
8.92971
8.95173
8.97309
8.99317
9.0112
9.0286
9.04788
9.06749
9.08554
9.10333
9.11934
9.13707
9.15737
9.17745
9.19851
9.21847
9.2384
9.2591
9.27755
9.2994
9.32184
9.34266
9.36428
9.38547
9.40661
9.42612
9.44564
9.46381
9.48376
9.50278
9.52072
9.53542
9.54998
9.56553
9.58075
9.5957
9.60746
9.6191
9.63016
9.6424
9.65613
9.67027
9.68722
9.7039
9.72061
9.73508
9.75208
9.7717
9.79019
9.80912
9.82837
9.84983
9.87052
9.88931
9.90817
9.92605
9.94298
9.95956
9.97715
9.99411
0.010605
0.0280874
0.0466701
0.064058
0.0822877
0.100851
0.121838
0.139
0.157674
0.17713
0.194631
0.211837
0.227809
0.241584
0.253603
0.26661
0.277742
0.288662
0.301232
0.312395
0.32301
0.33389
0.344647
0.357067
0.368872
0.379797
0.390229
0.399992
0.410921
0.420399
0.430472
0.439203
0.448691
0.458429
0.468768
0.478271
0.487846
0.498557
0.509115
0.518591
0.526292
0.53477
0.544693
0.555984
0.565451
0.576448
0.587956
0.600915
0.616682
0.635681
0.652926
0.670545
0.688443
0.705573
0.722959
0.740611
0.757328
0.774381
0.792488
0.809576
0.829474
0.847701
0.865811
0.884307
0.901592
0.918605
0.936256
0.95634
0.977984
0.998031
1.02041
1.04089
1.06234
1.08574
1.11115
1.13534
1.16075
1.1849
1.20947
1.23179
1.25241
1.27332
1.29408
1.3158
1.33926
1.36486
1.38882
1.41274
1.43672
1.46173
1.48748
1.51381
1.53926
1.56422
1.58672
1.60891
1.63305
1.65906
1.68518
1.71202
1.73994
1.76946
1.80069
1.82972
1.86104
1.88997
1.91911
1.94702
1.97271
2
2.02746
2.05194
2.07686
2.09883
2.11918
2.13939
2.15776
2.17734
2.19743
2.21765
2.23948
2.26274
2.285
2.30468
2.32295
2.34236
2.36171
2.38016
2.39736
2.41703
2.43459
2.45273
2.46941
2.48571
2.5016
2.51564
2.52872
2.54091
2.55248
2.56671
2.58086
2.5949
2.60908
2.62357
2.63787
2.65267
2.66736
2.68164
2.69684
2.71105
2.72657
2.74301
2.76092
2.77562
2.79004
2.80443
2.81743
2.83025
2.84579
2.86134
2.87837
2.89688
2.91467
2.93361
2.95092
2.96618
2.9807
2.99532
3.00903
3.02425
3.0403
3.05746
3.07484
3.09248
3.11305
3.12949
3.14469
3.15894
3.17465
3.19236
3.20976
3.22742
3.24482
3.2609
3.27663
3.29177
3.30725
3.32046
3.33295
3.34429
3.35601
3.36995
3.3841
3.3975
3.40992
3.42289
3.43431
3.44653
3.4579
3.46766
3.47685
3.4864
3.49561
3.50248
3.51011
3.51882
3.53054
3.54508
3.56076
3.57473
3.58926
3.6051
3.61812
3.63266
3.64737
3.66235
3.67702
3.69233
3.70621
3.72038
3.73544
3.75025
3.76582
3.78242
3.79967
3.81723
3.83535
3.85379
3.87279
3.89241
3.911
3.92834
3.94496
3.9593
3.97488
3.98842
4.00218
4.01554
4.03135
4.04682
4.06223
4.0775
4.09266
4.10675
4.12092
4.13396
4.14506
4.1559
4.16698
4.17599
4.18378
4.18878
4.19319
4.19757
4.20213
4.20608
4.21348
4.22055
4.22621
4.23165
4.23767
4.2398
4.23969
4.23914
4.2375
4.23511
4.23028
4.22519
4.22059
4.21497
4.20812
4.20159
4.19495
4.18734
4.17988
4.17428
4.16902
4.16277
4.15637
4.15074
4.14861
4.14719
4.14451
4.14314
4.14213
4.14145
4.14339
4.14342
4.14153
4.13708
4.131
4.12502
4.1206
4.11712
4.1128
4.10723
4.10136
4.09848
4.09569
4.09623
4.09395
4.08922
4.08593
4.08262
4.07671
4.07157
4.06411
4.05734
4.05104
4.04409
4.03855
4.03313
4.02833
4.0258
4.02428
4.02251
4.02247
4.02309
4.02268
4.02338
4.02449
4.02643
4.02726
4.03038
4.03393
4.03905
4.04386
4.04768
4.05022
4.05346
4.05498
4.05572
4.05699
4.05871
4.06179
4.0632
4.06642
4.06817
4.07011
4.07466
4.07655
4.08085
4.08439
4.08873
4.09207
4.0963
4.10044
4.10527
4.10928
4.11473
4.1209
4.12771
4.13302
4.13859
4.14402
4.15012
4.15619
4.16347
4.16973
4.17521
4.18112
4.18847
4.19484
4.19975
4.20588
4.2113
4.21895
4.22641
4.23484
4.24373
4.25139
4.26049
4.26976
4.2786
4.28854
4.29677
4.30665
4.31707
4.32461
4.33276
4.34202
4.35116
4.36223
4.37244
4.38338
4.39445
4.40446
4.41689
4.43082
4.44509
4.46191
4.47725
4.49224
4.50374
4.51496
4.52676
4.53727
4.54504
4.55319
4.56306
4.57172
4.58143
4.58895
4.59726
4.60473
4.61237
4.62015
4.62919
4.63762
4.64668
4.65502
4.66563
4.67644
4.68883
4.7017
4.71522
4.72841
4.74243
4.75532
4.76746
4.7805
4.79242
4.80509
4.81852
4.83415
4.84966
4.86591
4.88234
4.90052
4.91948
4.93834
4.95846
4.9782
4.9992
5.02167
5.04251
5.06423
5.08864
5.11342
5.13654
5.15762
5.17634
5.19329
5.21027
5.22695
5.24303
5.25925
5.27837
5.29947
5.31791
5.33626
5.35623
5.37774
5.39777
5.41766
5.43842
5.45984
5.48012
5.50192
5.52329
5.54529
5.56864
5.59287
5.61494
5.63529
5.65598
5.67802
5.69856
5.72307
5.74886
5.77462
5.80023
5.82661
5.85644
5.88507
5.91372
5.94302
5.97159
5.99695
6.02024
6.04245
6.06386
6.08565
6.10686
6.13048
6.15616
6.18213
6.20585
6.22965
6.25479
6.27892
6.30255
6.32684
6.35021
6.37432
6.39842
6.42267
6.44466
6.46653
6.49039
6.51236
6.53518
6.55733
6.57635
6.59395
6.61289
6.63346
6.65424
6.67694
6.69865
6.72159
6.74418
6.76889
6.79181
6.81553
6.84051
6.86578
6.89154
6.91767
6.94159
6.96464
6.98731
7.01066
7.03114
7.0543
7.07893
7.1043
7.12937
7.1525
7.17488
7.19774
7.22066
7.24337
7.26363
7.28462
7.3017
7.31893
7.33609
7.35199
7.36702
7.38177
7.39566
7.41129
7.42402
7.43286
7.43887
7.44444
7.45017
7.45509
7.46046
7.46572
7.47343
7.47912
7.48523
7.49392
7.50036
7.50631
7.51204
7.51829
7.52294
7.5266
7.5302
7.53427
7.53683
7.53916
7.54155
7.54052
7.53934
7.53633
7.53297
7.52954
7.52728
7.52604
7.52402
7.52195
7.52148
7.51942
7.51545
7.51126
7.50977
7.50684
7.50344
7.50067
7.49901
7.49861
7.49659
7.49268
7.48733
7.48191
7.47548
7.46912
7.4642
7.46342
7.46497
7.46714
7.46955
7.47532
7.47875
7.48079
7.48216
7.48198
7.48116
7.47974
7.47977
7.4808
7.48149
7.48179
7.4799
7.47802
7.47741
7.47955
7.48197
7.48632
7.49031
7.49463
7.49877
7.50241
7.5061
7.51053
7.51564
7.5201
7.52442
7.52678
7.52682
7.52776
7.52655
7.52536
7.52564
7.52473
7.52575
7.52639
7.52838
7.53016
7.53189
7.53209
7.53127
7.52907
7.52471
7.52056
7.51745
7.51594
7.51225
7.50895
7.50608
7.50283
7.49926
7.49502
7.49049
7.48699
7.48656
7.48585
7.48573
7.48459
7.48478
7.48603
7.48657
7.48723
7.48881
7.49175
7.49517
7.49931
7.50427
7.50752
7.51069
7.51254
7.51342
7.51524
7.51709
7.51996
7.5235
7.52713
7.52805
7.53016
7.53162
7.53398
7.53639
7.53982
7.5427
7.54756
7.55232
7.55654
7.5616
7.56757
7.57363
7.57943
7.58521
7.58935
7.59371
7.59659
7.59948
7.60184
7.60326
7.60472
7.60649
7.60755
7.60829
7.61109
7.61313
7.61304
7.61227
7.60989
7.60887
7.6087
7.61024
7.61385
7.61929
7.62327
7.6264
7.63011
7.63309
7.63617
7.63781
7.637
7.63861
7.63884
7.63762
7.63799
7.63623
7.63587
7.63747
7.63644
7.63437
7.63261
7.63094
7.62977
7.62946
7.62846
7.62677
7.62572
7.62341
7.62127
7.61697
7.61279
7.60689
7.59798
7.58856
7.58166
7.57699
7.57155
7.56645
7.5634
7.5594
7.55533
7.54991
7.54511
7.53882
7.53171
7.52149
7.51213
7.50573
7.50041
7.49586
7.49076
7.48676
7.48513
7.48313
7.47942
7.47519
7.47218
7.46835
7.46452
7.46022
7.4524
7.44553
7.43871
7.4314
7.42494
7.41918
7.41454
7.4086
7.40378
7.39759
7.39189
7.38523
7.37882
7.37148
7.36452
7.35679
7.35155
7.34687
7.34313
7.34159
7.34144
7.34001
7.34059
7.34009
7.34152
7.34486
7.34592
7.34741
7.34817
7.34943
7.34808
7.34935
7.34895
7.3469
7.34369
7.33966
7.33717
7.33319
7.32816
7.32307
7.31816
7.3122
7.3067
7.30061
7.29398
7.28481
7.2779
7.26966
7.26139
7.2537
7.24497
7.23565
7.2268
7.21841
7.20901
7.19934
7.18906
7.17974
7.17125
7.16447
7.15513
7.1451
7.13517
7.12491
7.11749
7.11133
7.10655
7.10201
7.09767
7.0928
7.0876
7.08087
7.0738
7.06888
7.06351
7.05854
7.05228
7.04536
7.03794
7.0301
7.02423
7.0179
7.01066
7.00175
6.99181
6.98105
6.9696
6.95801
6.9451
6.93201
6.9199
6.90818
6.89764
6.88889
6.88022
6.8689
6.85797
6.84622
6.83174
6.81706
6.80201
6.78851
6.77412
6.7613
6.75118
6.73892
6.72993
6.72305
6.71564
6.70668
6.69761
6.68946
6.68031
6.67168
6.6651
6.65782
6.65146
6.64423
6.63744
6.63301
6.62956
6.62719
6.62581
6.62891
6.6329
6.6355
6.63794
6.64083
6.64116
6.63907
6.63668
6.6347
6.63311
6.63181
6.63256
6.63479
6.63561
6.63897
6.64453
6.64849
6.65055
6.65216
6.65366
6.6545
6.6536
6.65279
6.65186
6.6501
6.64865
6.64694
6.64842
6.65008
6.64993
6.65034
6.65112
6.65283
6.65564
6.65846
6.6614
6.66416
6.66668
6.66878
6.67038
6.67293
6.67423
6.67625
6.67687
6.67669
6.67693
6.67889
6.6785
6.67647
6.67336
6.67049
6.66912
6.66661
6.66375
6.66161
6.66076
6.6598
6.66103
6.66025
6.65893
6.6594
6.66001
6.66212
6.66539
6.6689
6.67066
6.67219
6.67163
6.67142
6.67149
6.67246
6.67386
6.67654
6.67752
6.67918
6.68142
6.68517
6.69006
6.6952
6.70055
6.70629
6.7117
6.71609
6.72279
6.72952
6.7375
6.74727
6.75647
6.76612
6.77719
6.78972
6.80219
6.81351
6.82765
6.8421
6.85666
6.87099
6.88569
6.89891
6.91254
6.92681
6.94063
6.95273
6.9652
6.97468
6.98388
6.99342
7.00129
7.00842
7.01802
7.02828
7.03677
7.04741
7.05917
7.07012
7.08086
7.09332
7.10465
7.11564
7.12771
7.13724
7.14634
7.15346
7.16032
7.1672
7.17548
7.18456
7.19261
7.20179
7.21052
7.21945
7.22789
7.23775
7.24769
7.25873
7.26975
7.2816
7.29458
7.30802
7.31927
7.33141
7.34307
7.355
7.36825
7.37985
7.39204
7.40187
7.41007
7.41785
7.42393
7.42704
7.42584
7.42347
7.4217
7.41952
7.41547
7.41243
7.4059
7.39965
7.39528
7.38981
7.3849
7.38154
7.37851
7.37687
7.37568
7.37518
7.37722
7.37895
7.38056
7.38057
7.38037
7.38113
7.38216
7.38389
7.38593
7.38769
7.38988
7.3923
7.39399
7.39657
7.39728
7.39852
7.40056
7.40154
7.40136
7.4015
7.40094
7.39949
7.39968
7.39893
7.39835
7.39859
7.39649
7.39528
7.39526
7.39793
7.40266
7.40689
7.41399
7.41946
7.42558
7.43115
7.43365
7.43461
7.43346
7.43351
7.43226
7.43005
7.42918
7.42771
7.42507
7.42207
7.41829
7.41368
7.40846
7.40189
7.3939
7.38546
7.37723
7.36712
7.3578
7.34843
7.33686
7.32568
7.31306
7.29969
7.28905
7.27646
7.2644
7.2515
7.23722
7.22401
7.20875
7.19293
7.17503
7.15898
7.14456
7.1298
7.11497
7.10022
7.08401
7.06601
7.04735
7.02804
7.00808
6.98949
6.96997
6.95068
6.93376
6.91826
6.90107
6.88574
6.87153
6.85925
6.84924
6.8399
6.82879
6.81832
6.80669
6.79541
6.78324
6.7696
6.75572
6.74127
6.72884
6.71934
6.70849
6.69591
6.68432
6.67388
6.66247
6.65171
6.64273
6.63545
6.62703
6.61878
6.6109
6.60303
6.59751
6.59078
6.58227
6.57391
6.56605
6.55802
6.5486
6.5399
6.53265
6.52374
6.51604
6.50688
6.49852
6.48991
6.4788
6.47034
6.46332
6.45528
6.44788
6.43916
6.43055
6.42009
6.40806
6.39597
6.38329
6.37251
6.36306
6.35275
6.34415
6.33506
6.32485
6.31429
6.30418
6.29349
6.28348
6.27552
6.26774
6.25896
6.25076
6.24267
6.23786
6.23358
6.22867
6.22247
6.21714
6.21056
6.20427
6.19772
6.19312
6.18991
6.18504
6.17985
6.1736
6.16457
6.15327
6.14264
6.13102
6.11989
6.10898
6.09675
6.08301
6.06708
6.0512
6.03332
6.01765
6.00316
5.99083
5.98017
5.97065
5.9599
5.9508
5.94043
5.92937
5.91808
5.90778
5.89787
5.88881
5.87994
5.8726
5.8669
5.86054
5.85578
5.85187
5.8489
5.84493
5.83973
5.83594
5.83115
5.82588
5.81993
5.81441
5.80909
5.80304
5.79465
5.78424
5.77319
5.76105
5.74761
5.73511
5.72291
5.70913
5.6931
5.67727
5.66537
5.65572
5.64604
5.63819
5.63071
5.62225
5.61141
5.60003
5.58711
5.57402
5.56292
5.55212
5.54258
5.53537
5.52917
5.52205
5.51468
5.50735
5.49871
5.48995
5.48113
5.47054
5.46111
5.45268
5.44652
5.43808
5.42959
5.42256
5.41467
5.40754
5.39996
5.39046
5.38096
5.37193
5.36506
5.35849
5.35212
5.34586
5.34044
5.33369
5.32528
5.3158
5.30548
5.29567
5.28696
5.27837
5.2707
5.26218
5.25575
5.25083
5.24569
5.23974
5.23371
5.22594
5.21714
5.2094
5.20316
5.19507
5.185
5.17386
5.1649
5.15587
5.14685
5.13704
5.12485
5.11352
5.10258
5.09053
5.07968
5.06832
5.05646
5.04412
5.03154
5.01882
5.00701
4.99502
4.98449
4.97406
4.96518
4.95522
4.94482
4.93278
4.91898
4.90426
4.88971
4.87573
4.8599
4.84306
4.82568
4.80786
4.78984
4.77401
4.75593
4.73892
4.72262
4.70824
4.69254
4.67606
4.65902
4.6409
4.62517
4.60861
4.59254
4.57631
4.56005
4.54568
4.53259
4.52215
4.51277
4.50578
4.49885
4.49081
4.48551
4.48085
4.47519
4.47009
4.46711
4.4639
4.46119
4.45711
4.45257
4.4469
4.44011
4.43329
4.42572
4.41737
4.41135
4.40845
4.40734
4.40671
4.40487
4.40064
4.39507
4.38874
4.38163
4.37398
4.36764
4.35973
4.35142
4.3437
4.33681
4.32969
4.32276
4.31391
4.30601
4.29585
4.28559
4.27604
4.26659
4.2575
4.24856
4.23851
4.22901
4.22036
4.21051
4.20198
4.19457
4.18684
4.17878
4.17038
4.1617
4.15394
4.14653
4.14034
4.13522
4.13144
4.12806
4.12298
4.11871
4.1148
4.1087
4.10355
4.1003
4.09636
4.09248
4.08838
4.08352
4.07868
4.07584
4.07228
4.06797
4.06512
4.06148
4.05684
4.05042
4.04216
4.03422
4.02684
4.01888
4.00978
4.00063
3.99126
3.98211
3.97455
3.96807
3.96162
3.95377
3.94636
3.94112
3.9351
3.93063
3.92632
3.92152
3.91648
3.91052
3.90394
3.89662
3.89138
3.88381
3.87622
3.8687
3.86134
3.85666
3.85078
3.84503
3.84024
3.83485
3.8292
3.82099
3.81435
3.80795
3.80183
3.79705
3.7934
3.78812
3.78324
3.77943
3.77594
3.77328
3.77098
3.76852
3.76459
3.76237
3.75956
3.75555
3.75305
3.74894
3.74374
3.74012
3.73614
3.73327
3.73002
3.72594
3.72235
3.71829
3.71502
3.71094
3.70877
3.70747
3.70504
3.70182
3.69799
3.69396
3.69133
3.68911
3.68926
3.68855
3.68487
3.68133
3.67679
3.67208
3.66619
3.6598
3.65295
3.64615
3.64301
3.64023
3.63707
3.63687
3.63487
3.63211
3.6294
3.62747
3.62721
3.62859
3.6301
3.6344
3.63862
3.64202
3.64526
3.6464
3.64838
3.65099
3.65281
3.65365
3.65755
3.66233
3.6648
3.66705
3.6705
3.67206
3.67227
3.673
3.67309
3.67306
3.67305
3.67279
3.6746
3.67679
3.6799
3.68179
3.68662
3.6929
3.69931
3.70865
3.7196
3.73229
3.74448
3.75506
3.76474
3.77488
3.78365
3.7941
3.80546
3.81627
3.82426
3.83011
3.83719
3.84252
3.84896
3.85657
3.86171
3.86501
3.86742
3.87031
3.87566
3.88219
3.88807
3.89499
3.89988
3.90426
3.90594
3.90994
3.91486
3.91832
3.92361
3.92915
3.93432
3.94056
3.94601
3.95163
3.95775
3.96539
3.97298
3.98171
3.99089
4.00064
4.00906
4.01667
4.02703
4.03858
4.04993
4.06202
4.07382
4.08413
4.09527
4.10715
4.11935
4.13092
4.14274
4.15268
4.16182
4.16913
4.17601
4.18354
4.1902
4.19814
4.20579
4.21149
4.21627
4.22288
4.23103
4.2385
4.24387
4.25056
4.26037
4.26852
4.27529
4.28161
4.28757
4.29353
4.29759
4.3002
4.30338
4.3058
4.3096
4.31367
4.3156
4.31935
4.32395
4.32812
4.3321
4.3379
4.3436
4.34911
4.35689
4.36568
4.37546
4.38409
4.39284
4.39958
4.4087
4.41534
4.41947
4.42436
4.4284
4.43349
4.43992
4.44526
4.44911
4.45191
4.45352
4.45622
4.46015
4.46411
4.46817
4.47216
4.47888
4.48698
4.49656
4.50686
4.51742
4.52777
4.53766
4.54648
4.55323
4.55871
4.56544
4.57099
4.57565
4.58134
4.58838
4.59565
4.60447
4.61587
4.6292
4.64246
4.6573
4.67268
4.68794
4.70524
4.72274
4.7413
4.76134
4.78161
4.80092
4.82205
4.84009
4.85727
4.87548
4.89401
4.91224
4.92904
4.94655
4.96285
4.97862
4.99518
5.01274
5.02904
5.04393
5.05792
5.07239
5.0864
5.0999
5.11357
5.12948
5.14806
5.16618
5.18664
5.20872
5.23291
5.25861
5.28483
5.31248
5.33988
5.3673
5.39621
5.42609
5.45511
5.48358
5.51224
5.54043
5.5699
5.59891
5.62733
5.6566
5.68578
5.71572
5.74377
5.77282
5.80119
5.82621
5.85211
5.87853
5.90626
5.93467
5.96164
5.9884
6.01505
6.04071
6.06517
6.08878
6.11362
6.13655
6.1622
6.19012
6.21662
6.24147
6.26484
6.29016
6.31591
6.34239
6.36877
6.39446
6.41766
6.44323
6.46838
6.49036
6.51195
6.53321
6.55392
6.57565
6.59688
6.62099
6.64295
6.66467
6.68474
6.70586
6.7263
6.7475
6.77051
6.79338
6.81361
6.83347
6.85239
6.87103
6.89109
6.9096
6.9278
6.94633
6.96412
6.98276
7.00027
7.01695
7.03326
7.04929
7.06695
7.0865
7.10523
7.12497
7.1438
7.16289
7.18032
7.20061
7.2216
7.24512
7.26798
7.28913
7.30921
7.33099
7.35196
7.37447
7.39548
7.41664
7.43737
7.4561
7.47469
7.49236
7.51146
7.53087
7.55076
7.56957
7.58983
7.61129
7.63221
7.65407
7.67694
7.69949
7.72248
7.74693
7.77157
7.79749
7.82073
7.84382
7.86505
7.88373
7.90126
7.91648
7.93171
7.94503
7.95899
7.97373
7.98596
7.99709
8.00902
8.02155
8.0338
8.04746
8.06214
8.0757
8.09101
8.10477
8.11914
8.13102
8.14112
8.15159
8.16308
8.17809
8.19505
8.2144
8.23407
8.25423
8.27407
8.29324
8.31243
8.3296
8.34811
8.36626
8.38303
8.39712
8.41072
8.42225
8.43351
8.44634
8.45978
8.47506
8.48842
8.50322
8.51599
8.52987
8.54345
8.55495
8.56736
8.58122
8.59468
8.60902
8.62424
8.63914
8.65234
8.66697
8.68288
8.70039
8.71836
8.73767
8.75472
8.77333
8.79024
8.80661
8.82617
8.84577
8.86786
8.8908
8.91357
8.93743
8.96123
8.98421
9.00766
9.03084
9.0544
9.0784
9.10108
9.12263
9.14356
9.16287
9.18379
9.20532
9.22714
9.24684
9.26632
9.28633
9.30973
9.33273
9.35366
9.37265
9.38895
9.40392
9.42023
9.43526
9.45135
9.46828
9.48511
9.50355
9.52428
9.54427
9.56212
9.57737
9.59229
9.60616
9.62018
9.63351
9.64646
9.65913
9.67301
9.68573
9.69703
9.71034
9.72268
9.73411
9.74487
9.75718
9.76908
9.78048
9.79612
9.80858
9.82168
9.83456
9.84772
9.86089
9.87641
9.89105
9.9056
9.91833
9.93061
9.94408
9.95396
9.9641
9.97606
9.98987
0.00512924
0.0203579
0.0354566
0.0514642
0.0649296
0.0788122
0.0913359
0.104469
0.118587
0.133076
0.148483
0.162725
0.176396
0.190027
0.202518
0.214626
0.226972
0.239889
0.256113
0.27119
0.283993
0.29741
0.312573
0.328089
0.34123
0.353958
0.365873
0.381627
0.397514
0.414169
0.429891
0.444602
0.457532
0.467886
0.479407
0.49111
0.501372
0.510837
0.520437
0.531079
0.541787
0.549742
0.556742
0.564619
0.570486
0.577846
0.585041
0.591292
0.59883
0.605796
0.612217
0.619519
0.627219
0.633574
0.638813
0.642782
0.647285
0.648971
0.650085
0.651497
0.651932
0.653516
0.655931
0.658673
0.661763
0.663895
0.66369
0.66407
0.665063
0.665514
0.665708
0.663641
0.66062
0.65761
0.657255
0.658113
0.658505
0.659707
0.661741
0.664505
0.668737
0.671261
0.674027
0.678069
0.680803
0.68356
0.685236
0.685283
0.682718
0.677809
0.674675
0.671946
0.670489
0.669109
0.669523
0.668545
0.667109
0.664942
0.661584
0.657982
0.654004
0.647156
0.639209
0.631194
0.621809
0.611148
0.600602
0.591751
0.585048
0.576519
0.568378
0.55809
0.547973
0.540886
0.532327
0.52494
0.515681
0.508038
0.49934
0.49054
0.48269
0.474103
0.465819
0.456878
0.447514
0.438091
0.428511
0.418436
0.409817
0.401557
0.394631
0.387519
0.381193
0.374022
0.367964
0.361602
0.354538
0.347712
0.341018
0.333727
0.32556
0.31882
0.313416
0.306884
0.299652
0.289978
0.281184
0.273229
0.265405
0.255613
0.248006
0.240767
0.234136
0.228751
0.223215
0.217614
0.211017
0.203871
0.198592
0.194541
0.190417
0.185558
0.179654
0.175541
0.169963
0.16334
0.157851
0.153307
0.149428
0.144024
0.142763
0.141492
0.141674
0.14212
0.142002
0.139283
0.136378
0.13527
0.134557
0.133113
0.131504
0.129244
0.129118
0.127767
0.126894
0.127416
0.129338
0.132739
0.135071
0.137703
0.142765
0.149947
0.157077
0.164787
0.171673
0.181243
0.187883
0.196022
0.203638
0.212072
0.2202
0.227532
0.234612
0.241652
0.247968
0.252876
0.259195
0.266513
0.277029
0.29107
0.307187
0.322733
0.339061
0.356855
0.375344
0.395046
0.413902
0.431759
0.448555
0.464592
0.482205
0.496487
0.509597
0.520291
0.530465
0.542555
0.555693
0.568857
0.581969
0.596972
0.610689
0.622591
0.636778
0.648174
0.659656
0.673062
0.685482
0.696599
0.70837
0.721262
0.735583
0.749026
0.762686
0.778341
0.792816
0.809486
0.824169
0.838199
0.854811
0.871937
0.88949
0.906774
0.923481
0.939647
0.955636
0.970883
0.985648
1.00046
1.01529
1.02842
1.04282
1.05798
1.07294
1.08941
1.10374
1.11752
1.13218
1.14727
1.16317
1.17586
1.18967
1.20278
1.21562
1.22987
1.24464
1.25687
1.27016
1.28368
1.29689
1.3123
1.32667
1.3423
1.35782
1.37438
1.39311
1.40878
1.42469
1.44166
1.45829
1.4767
1.49496
1.51534
1.53394
1.55134
1.56781
1.58294
1.59877
1.61257
1.6277
1.64122
1.65518
1.6704
1.68355
1.69597
1.70741
1.71828
1.73084
1.74403
1.7545
1.76569
1.77645
1.78778
1.79861
1.80878
1.81811
1.82516
1.82941
1.83394
1.83823
1.84146
1.84432
1.84388
1.84507
1.84367
1.84096
1.83661
1.83111
1.82889
1.8282
1.82948
1.83022
1.82939
1.82646
1.82339
1.8188
1.81477
1.80756
1.80029
1.79388
1.78641
1.77841
1.76966
1.75912
1.74764
1.73692
1.7273
1.71732
1.70877
1.70052
1.69148
1.68106
1.66903
1.65686
1.64297
1.62797
1.61314
1.59944
1.58428
1.56907
1.55213
1.53616
1.522
1.50886
1.49537
1.48297
1.47258
1.46305
1.45508
1.44778
1.43985
1.43281
1.42762
1.42158
1.41518
1.40797
1.39931
1.38965
1.37686
1.36461
1.35358
1.34464
1.33315
1.32415
1.31442
1.302
1.28885
1.27635
1.26552
1.25439
1.24405
1.2357
1.22872
1.22231
1.2161
1.21066
1.20233
1.19476
1.18692
1.17874
1.17079
1.16186
1.1508
1.13875
1.12782
1.11743
1.10721
1.09629
1.08586
1.075
1.06483
1.05411
1.04387
1.03456
1.02699
1.01963
1.0106
0.997918
0.98215
0.966951
0.951617
0.934546
0.91811
0.89802
0.877434
0.858767
0.839922
0.822169
0.802788
0.786082
0.768948
0.750636
0.732987
0.71524
0.696447
0.676135
0.656667
0.638865
0.619643
0.601471
0.584437
0.56842
0.554256
0.542912
0.533202
0.526169
0.520231
0.515445
0.508376
0.501762
0.495221
0.487463
0.479844
0.471537
0.464518
0.455466
0.444929
0.434492
0.424254
0.413506
0.399444
0.383978
0.368824
0.353548
0.336594
0.320895
0.304612
0.286929
0.267502
0.249505
0.231253
0.214255
0.19721
0.179586
0.163279
0.146434
0.130332
0.115411
0.101181
0.0850057
0.066823
0.0510122
0.0338148
0.0167207
0.000298873
9.98404
9.96746
9.95154
9.93908
9.92758
9.91552
9.90292
9.89122
9.87945
9.87003
9.85934
9.85077
9.84338
9.83431
9.82486
9.81577
9.80869
9.80356
9.80029
9.7989
9.79698
9.79613
9.79374
9.79219
9.79076
9.79098
9.79192
9.79326
9.79516
9.79813
9.80108
9.80441
9.80821
9.81511
9.82161
9.82675
9.83169
9.83643
9.84249
9.84838
9.85346
9.8561
9.85829
9.86134
9.8621
9.86049
9.85628
9.85329
9.85063
9.8478
9.84457
9.84211
9.84018
9.83854
9.83645
9.83405
9.83341
9.8332
9.83364
9.83536
9.83601
9.83609
9.83464
9.8324
9.82923
9.82773
9.82665
9.82364
9.82121
9.81911
9.8164
9.814
9.8129
9.81473
9.81755
9.82192
9.826
9.83148
9.83725
9.84007
9.84418
9.84811
9.85018
9.85082
9.85166
9.85518
9.85761
9.86092
9.86475
9.86852
9.87089
9.87204
9.87402
9.87796
9.87922
9.87929
9.87921
9.88084
9.88289
9.88349
9.88336
9.88159
9.88071
9.87827
9.87542
9.87349
9.87397
9.87394
9.8734
9.87366
9.87518
9.88044
9.88433
9.88722
9.89035
9.8936
9.89647
9.89903
9.9017
9.9022
9.90239
9.89962
9.89687
9.89244
9.88688
9.88411
9.88281
9.88159
9.87967
9.87704
9.87256
9.87041
9.87239
9.8755
9.87906
9.88049
9.88307
9.88408
9.88672
9.88937
9.89305
9.89477
9.89811
9.89997
9.89949
9.90015
9.90141
9.9033
9.90548
9.90798
9.9087
9.90749
9.90689
9.90922
9.91118
9.91292
9.9161
9.91813
9.91928
9.92059
9.92196
9.92405
9.92477
9.92368
9.92424
9.92486
9.92519
9.92567
9.92719
9.92798
9.92983
9.9342
9.93768
9.9412
9.94536
9.9509
9.95631
9.95973
9.96148
9.9626
9.9607
9.95951
9.96072
9.96177
9.96533
9.96837
9.97248
9.97772
9.98403
9.99077
0.00201562
0.0137509
0.0256215
0.0391712
0.0515239
0.0636555
0.0760224
0.087528
0.0991734
0.110381
0.119771
0.128704
0.136888
0.147003
0.155106
0.161016
0.165371
0.167674
0.169768
0.170431
0.17113
0.17278
0.174004
0.173391
0.171221
0.169544
0.167035
0.162647
0.154455
0.146597
0.138868
0.130483
0.120636
0.109906
0.0991897
0.0866459
0.0742823
0.0639495
0.0499561
0.0333273
0.0142067
9.9955
9.97517
9.95807
9.94371
9.92936
9.91595
9.90269
9.89078
9.8787
9.86832
9.85938
9.85156
9.84234
9.83272
9.8234
9.81247
9.80068
9.7881
9.77737
9.76585
9.75725
9.75034
9.74531
9.74106
9.73826
9.73686
9.73357
9.73227
9.73111
9.72999
9.72843
9.72757
9.72919
9.73179
9.73561
9.73885
9.74074
9.74377
9.74485
9.74668
9.74707
9.74961
9.75288
9.75701
9.76256
9.76724
9.77332
9.77883
9.78438
9.78956
9.79306
9.79384
9.7927
9.79247
9.79105
9.78794
9.78259
9.77613
9.77041
9.76377
9.757
9.75104
9.74561
9.73974
9.73311
9.72708
9.72216
9.71644
9.7106
9.70737
9.70231
9.69854
9.6945
9.69075
9.68847
9.68331
9.67859
9.67394
9.66799
9.6619
9.65612
9.65086
9.648
9.64499
9.6437
9.64157
9.63715
9.63095
9.62496
9.61996
9.61485
9.61114
9.60905
9.60472
9.59962
9.59671
9.59263
9.59087
9.5872
9.58506
9.58376
9.58068
9.57558
9.57174
9.56739
9.56227
9.55712
9.552
9.54867
9.54588
9.54254
9.54042
9.53787
9.53416
9.5301
9.52551
9.52138
9.51893
9.51539
9.51073
9.50598
9.50118
9.49824
9.49558
9.49168
9.48879
9.48517
9.48423
9.48522
9.48641
9.49063
9.49365
9.4994
9.50612
9.51476
9.52358
9.53402
9.54389
9.55156
9.55972
9.56986
9.57975
9.5883
9.5972
9.60652
9.61365
9.62029
9.62768
9.63518
9.64267
9.64857
9.65485
9.6624
9.6691
9.67392
9.67863
9.6857
9.69207
9.69775
9.70534
9.71136
9.71696
9.72165
9.72595
9.72999
9.7325
9.73497
9.73714
9.74094
9.74342
9.74778
9.75198
9.75592
9.75981
9.76505
9.76926
9.77433
9.77713
9.77991
9.78288
9.78512
9.78839
9.79192
9.79637
9.80305
9.80862
9.81435
9.82136
9.82451
9.82705
9.82842
9.82928
9.8351
9.83834
9.84046
9.84365
9.84678
9.84921
9.85232
9.85061
9.84935
9.84709
9.84675
9.84715
9.84901
9.84961
9.85074
9.85233
9.85138
9.85369
9.85739
9.86251
9.86822
9.8725
9.87767
9.88111
9.88315
9.88659
9.89052
9.89391
9.89561
9.89989
9.90652
9.91376
9.92131
9.92892
9.93736
9.94787
9.95793
9.96846
9.98104
9.99437
0.0070327
0.0193234
0.0306063
0.0417544
0.0521624
0.0622222
0.0727703
0.0806256
0.0872572
0.0923961
0.0945546
0.0955686
0.0964085
0.0967238
0.0966537
0.0977215
0.0986065
0.098817
0.0991807
0.0986396
0.0990461
0.100351
0.103145
0.106827
0.109738
0.11107
0.111221
0.112246
0.112686
0.114964
0.116507
0.117856
0.119982
0.122853
0.125848
0.127915
0.130858
0.134223
0.137817
0.138408
0.137032
0.136967
0.135859
0.136735
0.136942
0.135996
0.134297
0.133147
0.13393
0.136367
0.13915
0.140156
0.14297
0.145977
0.149678
0.151077
0.149267
0.145011
0.140014
0.134362
0.12919
0.125337
0.120153
0.11601
0.113579
0.109335
0.107069
0.102025
0.0968596
0.092328
0.0890655
0.0836548
0.0800476
0.0791071
0.0789695
0.079297
0.0809856
0.081436
0.0820558
0.081148
0.0789971
0.0753713
0.0719578
0.0696862
0.0690734
0.0681496
0.0693349
0.0711431
0.0748681
0.0792254
0.0820072
0.0844303
0.0876093
0.0900065
0.092042
0.0942007
0.0973304
0.0990404
0.102284
0.104893
0.106876
0.105613
0.103001
0.100347
0.0977507
0.0968777
0.0982241
0.100206
0.102173
0.101918
0.100526
0.098291
0.0945034
0.0914962
0.0893277
0.0864164
0.0850988
0.0854782
0.0865223
0.0901811
0.0932943
0.096368
0.0968809
0.098026
0.0983791
0.0984692
0.0989924
0.100268
0.101314
0.101551
0.10296
0.105447
0.11007
0.114645
0.117791
0.120837
0.125796
0.131944
0.136474
0.141069
0.149249
0.157315
0.165153
0.174391
0.183448
0.194055
0.204854
0.213279
0.222037
0.232086
0.242379
0.251639
0.260433
0.26982
0.281279
0.293593
0.303837
0.312037
0.318978
0.327062
0.334651
0.34021
0.344003
0.345859
0.34751
0.348591
0.346157
0.34485
0.343712
0.341144
0.33881
0.335457
0.331431
0.326568
0.322013
0.320033
0.317682
0.316992
0.314831
0.312736
0.310442
0.307942
0.305245
0.302297
0.30089
0.297754
0.29437
0.289493
0.285375
0.28205
0.278119
0.275332
0.272433
0.268481
0.264965
0.260926
0.258355
0.255953
0.252054
0.248739
0.245806
0.244202
0.242686
0.2402
0.237703
0.236741
0.236839
0.238125
0.238023
0.235878
0.23101
0.226803
0.22085
0.215592
0.211041
0.206866
0.201251
0.194321
0.188448
0.181943
0.173755
0.164054
0.152747
0.140068
0.129025
0.120063
0.112093
0.102146
0.0909433
0.080072
0.071067
0.0629858
0.0585727
0.055089
0.0512147
0.0471839
0.04466
0.0429728
0.0403226
0.0370325
0.0334386
0.0297681
0.0259018
0.0213112
0.0159915
0.0135278
0.0104602
0.00731396
0.00565707
0.0052985
0.00377903
0.00313767
0.00183815
4.78234e-05
9.99693
9.99343
9.99048
9.9904
9.99177
9.99223
9.99136
9.98904
9.98698
9.98625
9.98512
9.98527
9.98433
9.98405
9.98254
9.98143
9.97943
9.97721
9.97388
9.972
9.96934
9.9677
9.96717
9.96529
9.96513
9.96446
9.96344
9.96441
9.96387
9.96379
9.96389
9.96582
9.96841
9.972
9.974
9.97639
9.98141
9.98508
9.99013
9.99425
9.99832
9.99995
9.99909
9.99699
9.99218
9.98734
9.98594
9.98559
9.984
9.98116
9.97861
9.97684
9.9757
9.97485
9.97345
9.97112
9.96817
9.96391
9.9572
9.95089
9.94714
9.94247
9.93681
9.93437
9.93072
9.92736
9.92353
9.91987
9.91754
9.91601
9.91386
9.9109
9.90759
9.90549
9.90451
9.90193
9.90124
9.90142
9.90026
9.89741
9.89461
9.89251
9.89096
9.89251
9.89391
9.89482
9.89807
9.89814
9.8975
9.89646
9.89545
9.89461
9.89266
9.89302
9.89416
9.89494
9.89713
9.89942
9.90097
9.90025
9.90117
9.90016
9.8981
9.89595
9.8956
9.89569
9.89681
9.89978
9.90243
9.90403
9.90393
9.90463
9.90627
9.90596
9.90543
9.9057
9.90457
9.90189
9.89848
9.89531
9.89257
9.88987
9.88717
9.88531
9.88395
9.88076
9.8757
9.8696
9.86262
9.85638
9.85007
9.84339
9.83833
9.83198
9.82627
9.81873
9.80843
9.79517
9.78115
9.76649
9.7524
9.73944
9.72767
9.71688
9.70404
9.69294
9.6845
9.67672
9.66947
9.66076
9.65063
9.64078
9.63122
9.62133
9.61099
9.6026
9.59511
9.58713
9.58005
9.57079
9.56093
9.55036
9.53964
9.53015
9.52095
9.50971
9.49893
9.48883
9.4772
9.4634
9.44698
9.4307
9.4136
9.39971
9.38363
9.3681
9.35322
9.33961
9.3272
9.31766
9.30745
9.29593
9.2836
9.27224
9.26342
9.25572
9.24987
9.24463
9.23772
9.23029
9.22303
9.21606
9.20833
9.19973
9.19381
9.1883
9.1823
9.17511
9.16943
9.16145
9.15243
9.14241
9.13458
9.12644
9.11927
9.11321
9.10741
9.10364
9.10013
9.09894
9.09724
9.09644
9.0947
9.09335
9.09165
9.0914
9.08996
9.09043
9.09
9.08973
9.08802
9.089
9.09315
9.09901
9.10564
9.11123
9.11976
9.12724
9.13531
9.14455
9.15472
9.16424
9.17551
9.18598
9.19309
9.20006
9.20602
9.21503
9.22442
9.23317
9.24077
9.24777
9.25277
9.25753
9.25982
9.26499
9.27166
9.2781
9.28264
9.28755
9.29467
9.30007
9.30658
9.31326
9.32038
9.32446
9.32693
9.32921
9.32986
9.33162
9.33318
9.33476
9.33683
9.33952
9.34029
9.34218
9.34333
9.34544
9.34845
9.35458
9.36122
9.36792
9.37492
9.38278
9.39207
9.39872
9.40635
9.4125
9.41798
9.42546
9.43152
9.43638
9.44042
9.44143
9.44136
9.44045
9.44064
9.44149
9.44197
9.44377
9.44551
9.44652
9.44857
9.44981
9.4516
9.45368
9.45602
9.46
9.46366
9.46497
9.46644
9.46767
9.46565
9.46282
9.4613
9.45971
9.45818
9.45704
9.45847
9.45894
9.46195
9.46477
9.46744
9.46909
9.46757
9.46562
9.46579
9.4683
9.46929
9.4684
9.46696
9.46268
9.45656
9.44889
9.44504
9.44067
9.43867
9.43732
9.43616
9.43583
9.43822
9.4391
9.4398
9.44077
9.44171
9.44213
9.44205
9.4429
9.44307
9.44299
9.44214
9.4401
9.4378
9.4353
9.43421
9.43447
9.43273
9.43184
9.43039
9.43277
9.43676
9.44302
9.44799
9.45237
9.45486
9.45899
9.46147
9.46278
9.46491
9.46841
9.47144
9.47328
9.47565
9.4781
9.48185
9.48424
9.48892
9.49495
9.50234
9.50954
9.51739
9.52453
9.52999
9.53705
9.54394
9.55266
9.55907
9.56386
9.57002
9.57605
9.58541
9.59922
9.61211
9.62545
9.63677
9.64715
9.65904
9.67194
9.6866
9.69911
9.7144
9.72936
9.74367
9.75655
9.7694
9.78252
9.79576
9.80761
9.82014
9.83171
9.84307
9.85264
9.86201
9.87217
9.88058
9.89051
9.89853
9.90739
9.91388
9.91982
9.92653
9.93413
9.94091
9.94773
9.95541
9.96201
9.96751
9.97387
9.98022
9.98737
9.99348
9.99782
0.00438194
0.0121046
0.0190568
0.0243945
0.0318912
0.0384053
0.0473462
0.0554665
0.0622258
0.0668181
0.0700538
0.0739418
0.0791836
0.0855458
0.0924236
0.0970393
0.100037
0.102336
0.106155
0.109927
0.115819
0.121041
0.124647
0.126485
0.128924
0.132114
0.13885
0.146468
0.153634
0.160603
0.169545
0.178757
0.18693
0.198019
0.205367
0.21336
0.220826
0.229936
0.242019
0.253615
0.265221
0.277353
0.290199
0.302594
0.31541
0.328901
0.343618
0.359854
0.374745
0.390081
0.404464
0.417909
0.430039
0.441482
0.45548
0.466352
0.476976
0.489525
0.501673
0.514755
0.526912
0.537474
0.548115
0.561148
0.573373
0.584328
0.595132
0.603313
0.614731
0.624279
0.633934
0.640833
0.647164
0.653501
0.65863
0.662772
0.666293
0.672248
0.677684
0.685281
0.689896
0.695377
0.701956
0.708314
0.714296
0.723112
0.732147
0.740311
0.749435
0.76036
0.772023
0.783137
0.792873
0.803309
0.814289
0.825595
0.836812
0.845605
0.855774
0.865278
0.875553
0.88663
0.895994
0.904485
0.913435
0.923234
0.931995
0.940344
0.946736
0.953184
0.959595
0.963004
0.964903
0.965612
0.966213
0.966572
0.966807
0.966915
0.968087
0.971179
0.97391
0.976859
0.981159
0.983903
0.985762
0.987822
0.990379
0.995499
0.999926
1.00461
1.01182
1.01729
1.02238
1.02946
1.03697
1.0445
1.05197
1.0589
1.06562
1.07344
1.08195
1.08893
1.09507
1.10183
1.10818
1.11442
1.12118
1.12703
1.13383
1.14112
1.14837
1.15603
1.16408
1.17033
1.1748
1.1783
1.18328
1.18649
1.19129
1.19742
1.20297
1.20795
1.21542
1.22071
1.22395
1.22784
1.23021
1.23301
1.23479
1.2379
1.24192
1.24367
1.24473
1.24797
1.24969
1.24948
1.24886
1.24729
1.24605
1.2447
1.24595
1.24978
1.25693
1.2652
1.27194
1.27823
1.28519
1.29014
1.29402
1.29504
1.29374
1.29216
1.28869
1.28374
1.27688
1.26866
1.26154
1.25512
1.24757
1.23891
1.22929
1.22066
1.20971
1.19737
1.1844
1.17318
1.16143
1.15018
1.14013
1.12921
1.11913
1.10549
1.09091
1.07627
1.06287
1.04829
1.03205
1.01506
0.999657
0.985442
0.971279
0.957457
0.944426
0.931734
0.917285
0.904103
0.890036
0.877517
0.866323
0.854479
0.842112
0.830136
0.819459
0.809399
0.7993
0.788868
0.779046
0.767904
0.756583
0.743769
0.732204
0.720664
0.711226
0.702038
0.693945
0.687051
0.680368
0.67364
0.667855
0.66333
0.659557
0.655273
0.649912
0.643245
0.638081
0.634164
0.631724
0.629931
0.626903
0.625535
0.62494
0.626392
0.62686
0.62532
0.622654
0.619336
0.617381
0.615012
0.611043
0.606204
0.601201
0.59559
0.589473
0.584661
0.58073
0.577884
0.575728
0.57152
0.567234
0.562661
0.558349
0.556982
0.555621
0.556053
0.557808
0.560031
0.562358
0.564223
0.565605
0.5685
0.571962
0.575682
0.580891
0.58833
0.595393
0.602635
0.609477
0.61435
0.619422
0.626488
0.63249
0.637801
0.643396
0.650038
0.658107
0.664972
0.675127
0.682967
0.689235
0.697524
0.70608
0.715705
0.725897
0.737018
0.749223
0.762556
0.778286
0.792819
0.805869
0.818177
0.830559
0.842438
0.853391
0.86269
0.87298
0.882254
0.889625
0.896976
0.904617
0.913331
0.922515
0.932038
0.942071
0.952926
0.964249
0.976653
0.988071
0.996702
1.0064
1.01564
1.0251
1.03473
1.04369
1.05238
1.06233
1.07224
1.08197
1.09293
1.10368
1.11393
1.12434
1.13448
1.14268
1.15025
1.15474
1.15951
1.16344
1.16801
1.17123
1.17459
1.1755
1.17693
1.17751
1.17764
1.18032
1.18256
1.18531
1.18791
1.19259
1.19864
1.20586
1.21225
1.21851
1.22486
1.23028
1.23268
1.23633
1.2414
1.24552
1.24858
1.24908
1.24846
1.24777
1.24633
1.24335
1.2419
1.24097
1.23938
1.23727
1.23517
1.23338
1.23188
1.23146
1.22763
1.22627
1.22226
1.21766
1.21256
1.20757
1.20271
1.1972
1.19285
1.18845
1.18447
1.18127
1.17919
1.1789
1.17886
1.17818
1.17875
1.17664
1.17393
1.16992
1.16616
1.16126
1.15795
1.15677
1.15703
1.15532
1.15225
1.14963
1.148
1.14501
1.1407
1.13668
1.13255
1.12651
1.12023
1.11218
1.10513
1.09874
1.0914
1.08333
1.0735
1.06373
1.05367
1.04191
1.02875
1.01545
0.998975
0.981303
0.964339
0.946125
0.927201
0.908607
0.891088
0.874718
0.858913
0.841712
0.825301
0.809215
0.793428
0.775964
0.757346
0.741218
0.724172
0.705943
0.688568
0.672987
0.657071
0.640738
0.625333
0.609918
0.59316
0.577683
0.559858
0.543402
0.527858
0.514499
0.502062
0.490577
0.480183
0.469864
0.459194
0.449418
0.439192
0.426866
0.415432
0.405338
0.397063
0.388271
0.381357
0.375599
0.369998
0.36663
0.364621
0.362226
0.358947
0.355859
0.348886
0.340422
0.331931
0.324083
0.317007
0.309359
0.300593
0.293213
0.287904
0.281523
0.274136
0.265746
0.257808
0.249231
0.238188
0.227481
0.214157
0.198269
0.18023
0.160961
0.141275
0.121817
0.101569
0.0810567
0.0610407
0.0406324
0.0212046
0.000357215
9.97557
9.95241
9.92846
9.90369
9.87978
9.85609
9.83509
9.81335
9.78972
9.76732
9.74673
9.72732
9.70798
9.68615
9.66388
9.64276
9.62288
9.60255
9.58325
9.56419
9.54592
9.52978
9.51236
9.49449
9.47836
9.46232
9.44531
9.42846
9.41081
9.39409
9.37647
9.35901
9.33959
9.31856
9.29698
9.27373
9.25146
9.22938
9.20694
9.18451
9.16282
9.13895
9.11616
9.09431
9.07485
9.05419
9.03428
9.01396
8.99328
8.97405
8.9547
8.9358
8.91618
8.89616
8.875
8.85413
8.83095
8.80744
8.78323
8.76179
8.73723
8.71058
8.68604
8.66129
8.63556
8.60829
8.58233
8.55681
8.53325
8.51021
8.48508
8.46342
8.44134
8.4187
8.39567
8.37294
8.34784
8.32321
8.29596
8.26957
8.24359
8.21874
8.19185
8.16448
8.13905
8.11324
8.08597
8.06003
8.03446
8.00834
7.98264
7.95466
7.92655
7.89846
7.87013
7.84036
7.80948
7.78053
7.75479
7.72838
7.70364
7.68014
7.65436
7.62994
7.60696
7.58674
7.56448
7.54207
7.51976
7.49524
7.46872
7.44242
7.41728
7.39429
7.37116
7.34668
7.32488
7.3034
7.28181
7.25627
7.23179
7.20618
7.18223
7.15768
7.13063
7.10144
7.07418
7.0474
7.02082
6.99573
6.97037
6.94454
6.92039
6.89671
6.87443
6.85227
6.82989
6.80689
6.78719
6.76731
6.7502
6.73321
6.71663
6.69989
6.68204
6.66416
6.64735
6.63356
6.62133
6.60752
6.59475
6.5823
6.56912
6.55649
6.54589
6.53565
6.52481
6.5144
6.50361
6.49352
6.48536
6.47703
6.47122
6.465
6.45919
6.45352
6.44767
6.44108
6.43414
6.42788
6.4227
6.41894
6.41853
6.41882
6.41913
6.41761
6.41497
6.41253
6.4115
6.40942
6.40638
6.40236
6.39929
6.39333
6.38694
6.37796
6.36757
6.35496
6.34265
6.33027
6.31828
6.30758
6.29769
6.28775
6.27599
6.26433
6.25127
6.23962
6.22661
6.21451
6.20123
6.18641
6.17321
6.15964
6.14662
6.132
6.11678
6.09955
6.08418
6.06659
6.04866
6.03467
6.02096
6.00692
5.99235
5.97822
5.96616
5.95425
5.94254
5.92959
5.91944
5.91039
5.90195
5.89305
5.8856
5.8778
5.87103
5.86359
5.85628
5.85069
5.84527
5.84087
5.83983
5.83814
5.83731
5.83464
5.8311
5.82838
5.82598
5.8274
5.83114
5.83485
5.83854
5.84294
5.84767
5.85165
5.85407
5.85382
5.85497
5.85705
5.85834
5.85848
5.85931
5.86026
5.85876
5.85629
5.85468
5.84941
5.84394
5.83689
5.8268
5.81745
5.81025
5.80449
5.79939
5.79431
5.7863
5.77596
5.76753
5.76068
5.7549
5.74614
5.73738
5.72974
5.72187
5.71193
5.70181
5.69393
5.686
5.67978
5.6741
5.6702
5.66676
5.66388
5.66254
5.66047
5.65745
5.65496
5.65314
5.65233
5.64977
5.64946
5.65116
5.65179
5.64965
5.64817
5.64621
5.64313
5.63933
5.63589
5.63338
5.63296
5.63279
5.63164
5.62887
5.62592
5.61865
5.61296
5.60814
5.60331
5.59848
5.59235
5.58818
5.58529
5.58478
5.58408
5.58388
5.58447
5.58435
5.58584
5.58699
5.58829
5.59308
5.60301
5.61095
5.61675
5.6232
5.62923
5.63618
5.64192
5.64824
5.65317
5.65736
5.66509
5.67082
5.67614
5.68213
5.68806
5.6939
5.69984
5.70579
5.7108
5.71292
5.71675
5.7198
5.72178
5.7236
5.72539
5.72809
5.7316
5.73591
5.74235
5.75046
5.75604
5.76006
5.76471
5.76935
5.77486
5.78095
5.7861
5.7939
5.80341
5.8139
5.82616
5.83639
5.84416
5.8503
5.85625
5.86077
5.8654
5.86922
5.87334
5.87994
5.88464
5.88853
5.893
5.89726
5.90256
5.90658
5.9117
5.91705
5.92081
5.9235
5.92465
5.92505
5.92524
5.92499
5.92567
5.92602
5.92787
5.93091
5.93731
5.94236
5.94576
5.94964
5.95407
5.95818
5.96337
5.96607
5.97035
5.97495
5.98023
5.98379
5.98854
5.99064
5.99134
5.99129
5.99312
5.99488
5.99735
6.00064
6.00227
6.00344
6.00243
6.00116
5.9996
5.99899
5.9998
5.99999
5.99779
5.99725
5.9948
5.99356
5.9938
5.99272
5.99501
5.99579
5.99605
5.9981
6.00208
6.0059
6.00789
6.01203
6.0161
6.02054
6.02731
6.03169
6.03611
6.03746
6.04054
6.04084
6.04159
6.03917
6.03683
6.03421
6.03411
6.03308
6.03122
6.02967
6.02554
6.01893
6.01305
6.00975
6.00408
5.99821
5.99519
5.99436
5.99295
5.99217
5.99134
5.99003
5.98981
5.9888
5.98732
5.98722
5.98809
5.98748
5.98704
5.98864
5.9904
5.99046
5.99024
5.99323
5.99866
6.00294
6.00834
6.01177
6.01455
6.01715
6.01694
6.01908
6.02057
6.02054
6.01939
6.01629
6.01133
6.00597
6.0022
5.99783
5.99337
5.99072
5.9896
5.99095
5.99436
5.99866
6.00528
6.0131
6.0202
6.02695
6.03235
6.03774
6.04082
6.04374
6.04998
6.05565
6.06162
6.06776
6.07451
6.08
6.08803
6.09528
6.1023
6.10865
6.11395
6.11666
6.12057
6.12204
6.12405
6.12706
6.13075
6.13527
6.14027
6.14398
6.14864
6.15248
6.15805
6.16406
6.17034
6.1778
6.18407
6.19246
6.20167
6.21088
6.21997
6.23012
6.24125
6.25153
6.26036
6.26854
6.27672
6.28485
6.29312
6.3019
6.30888
6.31383
6.32021
6.32576
6.33195
6.33704
6.34467
6.35103
6.35786
6.36606
6.37182
6.37926
6.3827
6.386
6.3865
6.38731
6.38727
6.3871
6.38855
6.38957
6.38969
6.38923
6.38757
6.3878
6.39016
6.39273
6.39503
6.3963
6.39934
6.40221
6.4035
6.40576
6.40589
6.40538
6.40341
6.40315
6.4044
6.40521
6.40681
6.41004
6.4115
6.4132
6.41312
6.41113
6.41132
6.40953
6.40883
6.40658
6.40381
6.39953
6.39674
6.3925
6.38618
6.38123
6.3768
6.37188
6.36561
6.35855
6.35271
6.34642
6.33941
6.33389
6.32664
6.31923
6.31219
6.30642
6.30209
6.29732
6.29162
6.2863
6.28065
6.27642
6.27324
6.26986
6.26634
6.26498
6.26368
6.2657
6.2646
6.26196
6.26034
6.26094
6.26112
6.26074
6.26043
6.25824
6.25521
6.25183
6.25001
6.24895
6.24891
6.24948
6.24912
6.24903
6.2508
6.25223
6.25324
6.25637
6.25837
6.25932
6.25705
6.25266
6.2461
6.24003
6.2329
6.22786
6.22338
6.22146
6.21879
6.2189
6.21866
6.21644
6.21654
6.21558
6.21495
6.21505
6.21556
6.21556
6.21548
6.21454
6.21415
6.21595
6.21833
6.21767
6.21789
6.21931
6.22211
6.22299
6.2221
6.22315
6.224
6.22552
6.22793
6.23438
6.23728
6.23966
6.24509
6.25155
6.25969
6.26861
6.2777
6.28909
6.30026
6.31248
6.32445
6.33509
6.34636
6.35722
6.36694
6.37459
6.3807
6.38746
6.39463
6.40156
6.40779
6.4124
6.41623
6.42071
6.42794
6.43561
6.4425
6.45193
6.46217
6.47196
6.48272
6.4928
6.50235
6.51025
6.51726
6.52664
6.53716
6.54735
6.55731
6.56465
6.57161
6.5785
6.58619
6.59156
6.59894
6.60908
6.6172
6.62502
6.63344
6.63956
6.64645
6.65531
6.66521
6.67321
6.6815
6.6905
6.70087
6.71152
6.72339
6.73545
6.74659
6.75647
6.76792
6.7788
6.78999
6.80132
6.81163
6.82257
6.83361
6.84335
6.85287
6.86408
6.87481
6.88509
6.89475
6.90644
6.91774
6.93017
6.94329
6.95528
6.96616
6.97795
6.98773
6.99934
7.01141
7.0246
7.03762
7.05244
7.06284
7.07435
7.08845
7.10216
7.11649
7.13048
7.14427
7.15739
7.17009
7.1815
7.1912
7.20097
7.20721
7.2109
7.21669
7.22298
7.22884
7.23472
7.23871
7.24088
7.24319
7.24422
7.24611
7.24888
7.2505
7.25073
7.25116
7.24997
7.24944
7.24829
7.24723
7.24671
7.24574
7.24587
7.24533
7.2456
7.2445
7.24466
7.2438
7.24302
7.24376
7.24622
7.24811
7.2515
7.25385
7.25623
7.25992
7.26382
7.26933
7.27295
7.27752
7.28177
7.28615
7.29177
7.29753
7.30299
7.30914
7.31408
7.31898
7.32513
7.33334
7.34286
7.34964
7.35873
7.36581
7.37039
7.3735
7.37905
7.38616
7.39082
7.39356
7.39878
7.40205
7.40777
7.41336
7.41503
7.41564
7.41627
7.4177
7.41887
7.42125
7.42302
7.42309
7.42222
7.41957
7.41608
7.4119
7.40995
7.40757
7.40427
7.40177
7.39791
7.39571
7.39277
7.38569
7.37725
7.36825
7.3601
7.35351
7.349
7.3432
7.34142
7.33826
7.33292
7.32658
7.31916
7.3093
7.29884
7.28847
7.2784
7.26769
7.25657
7.24743
7.24115
7.23334
7.22371
7.21649
7.21052
7.20473
7.20008
7.19592
7.19333
7.1912
7.18784
7.18235
7.17674
7.17137
7.1659
7.15975
7.15446
7.14895
7.14416
7.13799
7.1302
7.12297
7.11634
7.10797
7.10102
7.09525
7.08859
7.08339
7.07854
7.07318
7.0674
7.06156
7.05697
7.05336
7.04903
7.04457
7.03706
7.03203
7.02913
7.02661
7.02372
7.01944
7.01785
7.0165
7.01426
7.0092
7.00593
7.0047
7.00168
6.99903
6.99486
6.99019
6.98637
6.98081
6.97843
6.97587
6.9734
6.97022
6.96911
6.96776
6.9658
6.96243
6.95998
6.95827
6.95566
6.95417
6.95188
6.94717
6.94337
6.93856
6.93615
6.93388
6.93095
6.92861
6.92705
6.92545
6.92429
6.92388
6.92233
6.91878
6.9152
6.91039
6.90668
6.90347
6.90166
6.89933
6.89661
6.89327
6.89029
6.88654
6.88566
6.88521
6.88344
6.88062
6.87819
6.87748
6.87651
6.87483
6.87288
6.869
6.86616
6.86211
6.85696
6.85229
6.84721
6.84365
6.84252
6.84297
6.84509
6.849
6.85246
6.85605
6.85799
6.8599
6.85868
6.85886
6.85904
6.85756
6.85777
6.86052
6.86301
6.86695
6.86999
6.87509
6.87848
6.88416
6.89141
6.89661
6.90176
6.90466
6.90739
6.91114
6.90919
6.9069
6.90361
6.90168
6.89938
6.89603
6.8915
6.88662
6.88038
6.87459
6.86944
6.867
6.86383
6.85777
6.85356
6.84686
6.83959
6.83185
6.82354
6.81669
6.81071
6.8032
6.79565
6.78993
6.78297
6.77766
6.76948
6.7606
6.75203
6.74499
6.73765
6.73028
6.72491
6.72047
6.71627
6.71406
6.7124
6.71351
6.71606
6.71941
6.72448
6.73288
6.73937
6.74716
6.75515
6.76632
6.77738
6.79011
6.80187
6.81284
6.82198
6.83158
6.84278
6.85386
6.86568
6.87628
6.88602
6.89368
6.90082
6.91033
6.91869
6.92833
6.93874
6.95015
6.96107
6.97258
6.98485
6.99745
7.0104
7.02263
7.03414
7.04482
7.05649
7.06667
7.07523
7.08432
7.09344
7.10186
7.11075
7.11817
7.12301
7.12689
7.13042
7.13415
7.13658
7.13961
7.1395
7.13891
7.13937
7.14214
7.14453
7.14844
7.152
7.1561
7.15757
7.15862
7.15952
7.16045
7.16028
7.15737
7.15557
7.15209
7.14951
7.14649
7.14183
7.13595
7.13075
7.12466
7.11641
7.10853
7.10157
7.09519
7.08714
7.08035
7.07266
7.0646
7.05546
7.04406
7.03498
7.02742
7.0196
7.01257
7.00235
6.99164
6.98099
6.96913
6.95581
6.9434
6.93198
6.92106
6.91065
6.90008
6.88908
6.87596
6.86115
6.84616
6.82916
6.80981
6.7891
6.77077
6.75293
6.73524
6.72047
6.70644
6.69345
6.6794
6.66717
6.65503
6.64209
6.62853
6.61402
6.59961
6.58496
6.57297
6.55973
6.54545
6.52931
6.51235
6.49366
6.47505
6.45574
6.4384
6.41948
6.40143
6.38332
6.36633
6.35024
6.33476
6.31881
6.30271
6.28676
6.27208
6.25599
6.2406
6.22485
6.21005
6.19319
6.17467
6.15621
6.13826
6.12009
6.10319
6.0856
6.06818
6.05213
6.0361
6.01874
6.00038
5.98098
5.96146
5.93985
5.92066
5.90174
5.88488
5.87092
5.85654
5.84305
5.82949
5.81433
5.79992
5.78314
5.76424
5.74586
5.72917
5.71392
5.6995
5.68523
5.6725
5.65821
5.6445
5.62904
5.61492
5.60037
5.5837
5.56731
5.55136
5.53577
5.52143
5.5098
5.49957
5.49104
5.48229
5.47482
5.46717
5.46306
5.45835
5.45286
5.44755
5.4416
5.43527
5.42844
5.42478
5.42194
5.41853
5.41447
5.41139
5.41044
5.41197
5.41261
5.4126
5.41378
5.41474
5.41761
5.41854
5.41992
5.41891
5.41921
5.41929
5.42064
5.42225
5.4252
5.42815
5.4327
5.43784
5.44122
5.44635
5.45264
5.45819
5.46496
5.47275
5.48289
5.49368
5.50317
5.51205
5.51927
5.52646
5.53262
5.53812
5.54338
5.54958
5.55804
5.56567
5.57386
5.58464
5.59639
5.6074
5.61783
5.6284
5.63917
5.64991
5.66028
5.66982
5.68003
5.69072
5.7028
5.71344
5.72138
5.72796
5.73114
5.73451
5.739
5.74279
5.74667
5.74992
5.75625
5.76316
5.76883
5.77544
5.78366
5.79111
5.79643
5.80128
5.80389
5.81003
5.81448
5.81751
5.81911
5.82223
5.82348
5.82305
5.82166
5.81919
5.81584
5.81433
5.81228
5.81261
5.8131
5.81564
5.81755
5.82101
5.82289
5.82461
5.82699
5.82841
5.83145
5.83734
5.84286
5.84668
5.85057
5.8557
5.86123
5.86617
5.87162
5.87747
5.88416
5.89066
5.89535
5.90049
5.90651
5.91249
5.91835
5.92311
5.92587
5.92893
5.93095
5.93091
5.93241
5.93302
5.93452
5.93651
5.93899
5.94085
5.94258
5.94284
5.94332
5.94467
5.94688
5.95059
5.95639
5.96116
5.96662
5.97324
5.97942
5.98519
5.99061
5.99636
6.00278
6.00855
6.01208
6.01461
6.01617
6.01897
6.02428
6.03041
6.03623
6.04051
6.04426
6.04873
6.05347
6.06002
6.06724
6.07345
6.07923
6.08514
6.09011
6.09833
6.1089
6.11878
6.13159
6.14247
6.15228
6.16261
6.17247
6.17984
6.18847
6.19737
6.20815
6.21845
6.22909
6.24012
6.25118
6.26129
6.26934
6.27863
6.28969
6.29785
6.30579
6.31614
6.32696
6.33815
6.35171
6.36577
6.37869
6.3884
6.39874
6.40939
6.42054
6.43345
6.44711
6.45945
6.4716
6.48339
6.49368
6.50289
6.51063
6.51892
6.52616
6.53358
6.54297
6.55222
6.56099
6.56806
6.57471
6.58051
6.5852
6.58734
6.59255
6.59836
6.60386
6.60901
6.61304
6.61852
6.62338
6.62851
6.63323
6.63698
6.64237
6.64706
6.64858
6.65084
6.64994
6.64696
6.64345
6.63905
6.63349
6.62816
6.62173
6.61617
6.61245
6.60881
6.60594
6.60313
6.59993
6.59709
6.59111
6.58404
6.57529
6.56912
6.56358
6.55735
6.55263
6.54779
6.54017
6.53183
6.52391
6.5146
6.50508
6.49723
6.49133
6.48258
6.47432
6.466
6.4576
6.45008
6.44451
6.43816
6.43133
6.42588
6.42123
6.41433
6.40684
6.40118
6.39289
6.38547
6.37661
6.36768
6.35875
6.35319
6.34927
6.3437
6.33735
6.33192
6.32437
6.31665
6.30901
6.30057
6.28978
6.27911
6.26881
6.25854
6.24812
6.23801
6.22736
6.21489
6.20074
6.18498
6.17007
6.15464
6.13888
6.1223
6.10413
6.08531
6.0685
6.05327
6.03806
6.02066
6.00706
5.99045
5.97454
5.96
5.94196
5.92167
5.90253
5.88426
5.86553
5.84946
5.83282
5.81463
5.79748
5.7789
5.76029
5.7424
5.7232
5.7055
5.68848
5.67062
5.651
5.63359
5.61409
5.59359
5.5729
5.55169
5.53179
5.51385
5.49655
5.47986
5.46434
5.44834
5.43069
5.41326
5.39812
5.38612
5.37477
5.36459
5.35383
5.34347
5.33206
5.32124
5.31035
5.30213
5.29295
5.28225
5.27186
5.26166
5.25202
5.24103
5.22937
5.21778
5.20876
5.20053
5.19398
5.18858
5.184
5.18075
5.17521
5.17006
5.16605
5.16044
5.15456
5.14853
5.14525
5.14081
5.138
5.13611
5.13272
5.13063
5.12679
5.12214
5.11691
5.10872
5.10133
5.09747
5.09487
5.09232
5.08936
5.0862
5.08336
5.08018
5.07611
5.0708
5.0662
5.06184
5.05816
5.05634
5.05522
5.0532
5.05347
5.0558
5.05623
5.05695
5.05546
5.05376
5.05206
5.04955
5.04537
5.04236
5.0409
5.04221
5.04527
5.05067
5.05787
5.06422
5.07018
5.07587
5.08233
5.09053
5.09925
5.10813
5.11806
5.12787
5.13583
5.14124
5.14631
5.15164
5.15516
5.157
5.15649
5.1526
5.14932
5.14707
5.14321
5.13914
5.13494
5.12892
5.12197
5.11434
5.10466
5.09244
5.08059
5.07082
5.0623
5.05398
5.0453
5.03365
5.02051
5.00974
5.00151
4.99526
4.98838
4.98098
4.97218
4.96501
4.95579
4.94531
4.93643
4.92846
4.92073
4.91232
