0
47.9892
47.9758
45.3596
45.5416
46.9215
47.4986
46.8721
47.0446
48.2163
47.5877
47.9585
48.3282
48.097
48.4635
47.6284
47.9932
47.957
48.1194
49.0804
48.6399
49.3995
49.5596
49.5191
50.4783
50.0367
49.5958
49.3548
49.515
49.0756
49.0338
49.1937
49.1529
49.3117
50.0685
50.2258
50.1841
49.3415
49.2996
49.4567
49.8132
49.7694
49.3258
49.2822
49.0377
48.9934
48.3494
48.3064
48.4636
48.2232
48.383
48.3429
47.9017
47.6589
47.6157
47.1732
46.9305
47.087
47.2434
46.8001
46.5563
46.7119
46.0674
46.4228
46.5785
46.9345
46.49
46.6459
46.4015
46.3568
46.9119
47.0662
47.2199
47.1736
47.5263
47.6772
47.2278
47.7785
47.128
47.4761
47.8238
48.1716
47.9205
48.269
48.2168
48.5653
48.1138
48.2621
48.4114
48.3603
47.5091
47.2584
47.2093
47.1605
47.7102
47.2589
47.2068
46.9554
46.7039
46.8519
46.3989
46.7476
46.6964
46.8439
46.9916
46.7403
47.0886
47.0376
47.1866
47.3359
47.0849
46.4343
46.5837
46.3336
46.0828
45.8314
45.7807
45.3303
45.2816
44.6334
44.3835
44.134
44.484
44.6341
44.5841
45.1354
45.0864
44.8367
44.9882
44.9401
44.2922
44.2445
44.5976
44.7511
44.9035
45.055
45.2069
44.959
45.1098
45.0602
45.0117
44.9629
44.7124
44.662
44.4125
44.7629
44.715
44.4676
44.2197
43.9714
43.723
43.8744
43.8266
43.7783
44.129
44.0809
44.2322
44.1833
43.9353
43.6881
43.4418
42.7957
42.7481
42.4993
42.4516
42.4036
42.157
42.1103
41.6638
41.8179
41.7722
41.5265
41.4816
41.6364
41.3914
41.1456
40.9003
40.8549
40.8106
40.9668
41.1228
41.2783
41.2348
41.1913
41.348
41.9049
42.0628
42.0212
41.9805
41.94
42.1005
42.0619
41.8251
41.9888
41.9518
41.7142
41.6771
41.4397
41.402
41.1664
41.5315
41.4971
41.6623
41.8263
41.7908
41.7567
41.7242
41.4926
41.462
41.632
41.603
41.5736
41.5446
41.3162
41.2873
41.2592
41.4321
41.4054
41.3789
41.3532
41.128
41.3029
41.2778
41.0525
41.0272
40.8013
40.7757
40.7509
40.7264
40.7025
40.478
40.2528
40.2282
40.2036
40.1797
40.1562
39.7327
39.7082
39.8832
39.8575
39.6308
39.4034
39.1772
39.3517
39.3261
38.9002
38.8751
38.8513
38.8269
39.0025
39.1783
39.1539
39.3312
38.9082
38.8856
38.8622
38.4383
38.4139
38.1913
38.3675
38.3438
38.5193
38.4952
38.0715
38.0483
38.0252
38.2014
38.1758
38.149
38.323
38.0969
38.0711
37.8456
38.0208
38.1946
38.1683
38.1429
37.9168
37.8902
37.8645
38.0394
38.0137
38.1891
38.1659
37.9433
38.121
38.0985
38.0769
37.8553
38.0343
38.0135
37.9924
37.7719
37.5509
37.5292
37.7077
37.6862
37.4664
37.4457
37.8256
37.804
37.7827
38.1615
38.1415
37.7208
37.7017
37.6825
37.6653
37.6484
37.4314
37.6151
37.7987
37.5816
37.5657
37.7497
37.533
37.516
37.4985
37.6807
37.4622
37.4447
37.8271
37.8098
37.7931
38.1756
38.5567
38.5378
38.3181
38.2989
38.4789
38.4587
38.439
38.8194
38.8008
38.7823
38.5614
38.94
38.9194
38.8991
39.0789
39.0595
38.6416
38.2227
38.4034
38.3852
38.5678
38.7507
38.5323
38.3141
38.0952
38.0757
38.2563
38.2376
38.419
38.1998
38.5822
38.7631
38.7428
38.7224
38.7022
38.8819
38.8614
38.8415
38.8223
38.8027
38.5833
38.5632
38.5433
38.5241
38.3058
38.2876
38.2691
38.45
38.4314
38.414
38.3991
38.3841
38.3699
38.3556
38.3412
38.3276
38.3139
38.0985
38.0839
38.2696
38.2561
38.2435
38.4322
38.6206
38.8075
38.7947
38.7825
38.7706
38.5591
38.7477
38.9353
38.7218
38.508
38.2931
38.0776
38.2618
38.2463
38.2306
38.4144
38.5986
38.3828
38.3667
38.551
38.7349
38.7195
38.9034
38.6872
38.6715
38.2549
38.2394
38.2248
38.011
37.9989
37.7857
37.7718
37.9591
37.9474
37.935
37.9225
38.3085
38.2945
38.2815
38.2682
38.255
38.0426
38.0303
38.2191
38.2082
37.9985
37.9879
37.7765
37.7647
37.7529
38.1405
38.1278
38.3145
38.3015
38.2897
38.2781
38.4674
38.2566
38.2458
38.2338
38.4214
38.4091
38.3971
38.1853
37.9727
38.16
38.3469
38.1344
37.9217
37.907
37.892
37.8766
37.6624
38.0486
38.0348
38.0193
38.0044
37.9901
37.9764
37.763
37.7492
37.737
37.3234
37.3089
37.4948
37.4798
37.4667
37.4524
37.4385
37.4239
37.409
37.1945
36.9806
36.7651
36.95
36.9345
36.9195
36.9044
36.6895
36.4758
36.662
36.6485
36.6354
36.4218
36.8079
36.5931
36.1769
36.161
36.3447
36.3284
35.9118
35.6959
35.6808
35.6667
35.6512
35.4354
35.0193
35.0036
34.9887
35.1733
35.1578
35.1419
35.1264
35.1109
35.0963
35.2825
35.2686
35.2553
35.2415
35.427
35.4116
35.3948
35.3802
35.1663
35.3518
35.3383
35.3255
35.112
34.8978
34.6828
34.4686
34.4545
34.6403
34.6252
34.6107
34.5971
34.5834
34.3711
34.3599
34.3496
34.3384
34.3271
34.3141
34.3012
34.4893
34.4777
34.4668
34.4568
34.8469
34.8363
35.2251
35.2149
35.206
35.3965
35.1872
35.3774
35.3687
35.1601
35.1522
35.1439
35.1352
34.927
35.1176
35.1086
35.3004
35.2931
35.2861
35.0785
35.0694
35.0601
35.0514
35.0426
35.0337
35.0264
35.0192
35.0122
35.0046
35.199
35.1932
35.1876
35.1806
35.3742
35.3683
35.3625
35.3578
35.5538
35.5503
35.3476
35.3452
35.5423
35.3395
35.5372
35.5362
35.3366
35.3362
35.3352
35.1338
35.1338
35.3336
35.5323
36.1296
36.327
36.1231
36.1187
36.1142
35.9098
35.9047
35.8992
35.8929
36.0857
36.0775
36.0668
36.2566
36.447
36.4364
36.2247
36.2145
36.004
35.9919
35.9793
36.5666
36.5534
36.5408
36.5301
36.7181
36.5065
36.4947
36.6826
36.6719
36.661
36.4493
36.6364
37.0235
37.011
36.9978
37.1853
37.1724
37.1605
37.1492
37.1377
37.1259
37.1132
37.0999
37.2857
37.2709
37.2583
37.2463
37.2352
37.2257
37.216
37.2075
37.3986
37.391
37.3832
37.5752
37.3662
37.3572
37.3474
37.3393
36.9307
36.9216
36.9133
36.9059
36.8983
36.8903
36.8834
36.6773
36.8725
36.867
36.8612
36.856
36.8517
36.8471
36.4425
36.4382
36.4353
36.4334
36.4318
36.4301
36.4282
36.6259
36.6227
36.8184
36.6146
36.8099
37.0035
37.1963
37.189
37.1826
37.1768
37.1699
36.9653
36.9597
36.9544
36.9488
37.1427
36.7364
36.7313
36.7276
36.724
36.9214
36.9184
37.1161
37.1124
37.1096
37.1074
37.3053
37.1046
37.1051
37.3067
37.5067
37.5083
37.7099
37.7114
37.7125
37.7139
37.7155
37.7173
37.9199
37.9234
37.9272
37.9323
37.9374
37.7424
37.7481
37.5525
37.5555
37.5584
37.5615
37.5637
37.7635
37.9625
37.9602
37.9578
38.1561
38.1545
38.1525
38.1509
37.7501
37.5483
37.5465
37.7456
37.7437
37.7415
37.5402
37.5383
37.137
37.1355
37.1337
36.9324
36.7317
36.7297
36.5278
36.5246
36.5208
36.5168
36.7142
36.7124
36.7111
36.7088
36.7061
36.9029
36.898
36.8933
36.6871
36.8805
36.8739
36.6668
36.6592
36.6506
36.8416
36.8316
36.8217
36.8111
37.0002
36.9884
37.1785
36.9675
36.9572
36.7472
36.7377
36.9289
36.9206
36.9127
36.904
36.8953
36.887
36.6779
36.6691
36.4618
36.454
36.4459
36.44
36.4349
36.4302
36.4258
36.4215
36.2176
36.414
36.4107
36.4083
36.4057
36.4037
36.6025
36.6025
36.6019
36.6017
36.6022
36.8027
36.8038
36.6041
36.8034
36.8013
36.7998
36.7987
36.7972
36.7957
36.7941
36.5925
36.5911
36.7897
36.7879
36.7851
36.782
36.7783
36.7733
36.9684
37.3625
37.5565
37.5504
37.543
37.5366
37.7305
37.724
37.7184
37.7127
37.7075
37.1023
37.0968
37.2916
37.288
37.2846
37.2795
37.2741
37.2677
37.062
37.0567
37.4515
37.4462
37.2418
37.0377
37.0319
37.0256
36.8202
37.0153
37.0088
37.003
36.9977
36.792
36.9857
36.978
37.1701
37.1633
37.1563
37.1513
37.1471
37.142
37.1381
37.135
37.1314
37.128
37.1259
37.1245
37.1243
36.9227
37.1203
36.9179
36.9158
37.1135
37.1118
37.1099
37.1085
37.1074
37.105
37.1031
37.1018
37.5009
37.4996
37.6971
37.6949
37.6927
37.6908
37.4882
37.4848
37.6811
37.8772
38.273
38.2699
38.2675
38.4666
38.2648
38.2611
38.258
38.2559
38.2535
38.0505
38.0476
38.0432
38.2393
38.236
38.2315
37.4248
37.4172
37.4097
37.203
37.3974
37.7914
37.7851
37.9786
37.7726
37.7674
37.5615
37.5553
37.5493
37.7442
37.7389
37.7341
37.1301
37.1257
36.7212
36.5174
36.5148
36.5116
36.1077
36.1047
36.1038
36.1021
36.1003
36.0988
36.0976
36.0951
36.2913
36.2883
36.2862
36.2853
36.2839
36.4817
36.4789
36.4764
36.4744
36.4726
36.6712
36.6704
36.8693
37.0669
37.0652
37.0639
37.0635
36.863
37.0619
37.0609
37.4589
37.6563
37.6544
37.652
37.6489
37.6454
37.8427
37.641
37.639
37.2371
37.2342
37.0322
37.0309
37.0307
37.0307
37.0304
37.0299
37.0302
37.0317
37.2336
37.2365
37.2402
37.0432
37.046
37.0481
37.0516
37.2559
37.0597
37.0631
37.2657
37.2675
37.2706
37.4735
37.2759
37.4765
37.4765
37.4764
37.4761
37.4755
37.4741
37.673
