0
0.00193348
0.00958948
0.0248577
0.0493456
0.0833835
0.129705
0.185429
0.253954
0.329585
0.419419
0.519274
0.63272
0.75974
0.894326
1.04005
1.18543
1.33459
1.48689
1.64073
1.80267
1.97705
2.15306
2.32708
2.50425
2.68715
2.88083
3.08158
3.29893
3.51794
3.75185
3.99726
4.23854
4.48303
4.7279
4.97028
5.21512
5.46364
5.70118
5.94672
6.19692
6.43918
6.69053
6.93276
7.18716
7.43879
7.70503
7.97462
8.23199
8.49723
8.74926
8.99802
9.24083
9.4935
9.73021
9.98228
10.2214
10.4722
10.725
11.0035
11.2552
11.5256
11.8005
12.0549
12.3141
12.5547
12.7812
12.9996
13.231
13.4644
13.7015
13.9123
14.1029
14.2978
14.487
14.6826
14.891
15.0968
15.307
15.5171
15.7245
15.9441
16.1827
16.4176
16.6389
16.8352
16.9982
17.1491
17.3401
17.5386
17.7323
17.9472
18.1095
18.2706
18.4517
18.6488
18.834
19.0424
19.25
19.4415
19.626
19.7947
19.9707
20.1561
20.3344
20.512
20.6866
20.8544
21.0048
21.1445
21.3187
21.538
21.7612
21.9634
22.1503
22.339
22.515
22.6727
22.8222
22.9665
23.1249
23.2712
23.412
23.5934
23.7684
23.9586
24.1677
24.4027
24.6471
24.8614
25.0639
25.2561
25.4366
25.5744
25.7043
25.8614
26.0219
26.1899
26.3565
26.5114
26.652
26.803
26.9139
27.0522
27.2188
27.4217
27.6247
27.8491
28.095
28.3534
28.5844
28.8333
29.0739
29.3326
29.5646
29.7761
29.9537
30.1039
30.2498
30.3941
30.5492
30.7239
30.9222
31.1637
31.3401
31.5251
31.7548
31.983
32.2184
32.4566
32.6817
32.8777
33.1038
33.3323
33.5796
33.7994
34.0162
34.2563
34.4812
34.6914
34.9312
35.176
35.4098
35.6291
35.8986
36.1567
36.429
36.6884
36.9351
37.2037
37.523
37.8572
38.1834
38.4694
38.7291
39.0054
39.2737
39.5089
39.6907
39.8654
40.0245
40.1832
40.353
40.5266
40.7077
40.8517
41.0062
41.1461
41.2945
41.4296
41.6052
41.7787
41.9438
42.1066
42.2605
42.4037
42.5348
42.6903
42.8321
43.0002
43.1821
43.3651
43.5645
43.7535
43.8963
44.0459
44.1937
44.3715
44.5875
44.7913
44.9433
45.1028
45.2099
45.3238
45.4903
45.686
45.8533
46.0638
46.2721
46.5369
46.7839
47.0403
47.3161
47.5569
47.7911
48.0281
48.286
48.5484
48.8187
49.0303
49.2431
49.4886
49.7496
50.0103
50.2587
50.4757
50.7009
50.9071
51.0546
51.208
51.4128
51.5963
51.7875
52.0157
52.2619
52.5249
52.8067
53.11
53.377
53.6219
53.8688
54.0953
54.3365
54.5787
54.8368
55.1632
55.4491
55.7242
55.9857
56.249
56.4983
56.7704
57.0191
57.3095
57.624
57.9511
58.2634
58.5358
58.8272
59.1002
59.3176
59.5652
59.7993
59.9969
60.1946
60.3995
60.6018
60.83
61.0246
61.2168
61.4493
61.6759
61.9015
62.1382
62.415
62.7262
63.0078
63.3056
63.657
63.9737
64.2298
64.4536
64.6662
64.9206
65.2423
65.5915
65.9149
66.2894
66.6621
66.9741
67.3451
67.6985
68.0078
68.3485
68.6583
68.9172
69.201
69.5142
69.8541
70.2411
70.6089
70.8831
71.2054
71.498
71.7387
71.9962
72.2463
72.4986
72.7275
72.9282
73.1291
73.3144
73.4493
73.5682
73.6656
73.7451
73.8435
73.9868
74.1597
74.3175
74.4468
74.5965
74.7279
74.8789
75.0728
75.2525
75.4195
75.6345
75.8369
76.0248
76.1851
76.3767
76.5336
76.7469
77.0009
77.2295
77.526
77.8951
78.2574
78.5783
78.8911
79.1537
79.4635
79.749
80.0396
80.3515
80.654
80.9575
81.2156
81.4608
81.8011
82.0937
82.4287
82.7717
83.0682
83.3276
83.5232
83.7634
84.0222
84.2296
84.4401
84.5717
84.7011
84.9147
85.209
85.5201
85.8494
86.1677
86.5023
86.7749
87.0369
87.2604
87.496
87.724
87.924
88.1047
88.2551
88.4239
88.5624
88.7022
88.8292
89.0005
89.2192
89.5001
89.7186
89.8418
89.8947
89.9187
90.0398
90.1392
90.2691
90.3362
90.4077
90.5382
90.664
90.7881
90.8118
90.8588
90.943
91.0331
91.1542
91.3044
91.472
91.6781
91.8604
92.0668
92.3346
92.5962
92.8077
93.0477
93.3655
93.6455
93.9782
94.2659
94.5522
94.8285
95.0845
95.3167
95.5039
95.7299
95.9243
96.0918
96.2872
96.5172
96.7243
96.9031
97.101
97.3909
97.7209
98.0696
98.4016
98.7509
99.0794
99.4269
99.7706
100.067
100.326
100.523
100.72
100.895
101.103
101.289
101.489
101.627
101.779
101.914
102.039
102.168
102.224
102.342
102.502
102.664
102.87
103.121
103.366
103.589
103.753
103.882
104.011
104.143
104.238
104.331
104.418
104.526
104.686
104.875
105.079
105.294
105.546
105.777
106.05
106.323
106.516
106.735
106.853
106.984
107.095
107.166
107.235
107.407
107.609
107.73
107.917
108.085
108.277
108.375
108.379
108.375
108.451
108.535
108.713
108.897
109.114
109.312
109.494
109.582
109.747
109.926
110.106
110.316
110.489
110.678
110.905
111.106
111.251
111.464
111.638
111.801
112.067
112.356
112.628
112.842
113.036
113.17
113.326
113.544
113.814
114.12
114.466
114.75
115.016
115.26
115.517
115.678
115.769
115.822
115.854
115.935
116.072
116.238
116.375
116.479
116.631
116.717
116.777
116.884
117.048
117.272
117.515
117.7
117.891
118.164
118.404
118.617
118.834
119.064
119.247
119.44
119.659
119.802
119.983
120.16
120.32
120.502
120.635
120.783
120.932
121.047
121.133
121.217
121.37
121.503
121.623
121.721
121.838
122.007
122.074
122.101
122.142
122.186
122.265
122.354
122.411
122.466
122.456
122.394
122.338
122.299
122.261
122.19
122.13
122.046
121.988
121.956
121.894
121.908
121.974
121.96
121.905
121.842
121.765
121.776
121.85
121.968
122.091
122.202
122.257
122.377
122.44
122.52
122.585
122.663
122.691
122.71
122.733
122.841
122.991
123.162
123.396
123.605
123.774
123.927
124.122
124.275
124.488
124.694
124.893
125.188
125.478
125.757
125.994
126.185
126.389
126.648
126.873
127.145
127.38
127.64
127.877
128.088
128.271
128.366
128.467
128.497
128.576
128.666
128.812
129.071
129.485
129.856
130.183
130.535
130.854
131.23
131.646
131.983
132.39
132.739
133.088
133.418
133.821
134.27
134.686
135.038
135.324
135.53
135.776
136.024
136.29
136.56
136.874
137.122
137.375
137.654
137.95
138.301
138.634
138.881
139.102
139.367
139.611
139.862
140.086
140.232
140.458
140.685
140.881
141.121
141.359
141.563
141.768
141.959
142.145
142.344
142.522
142.691
142.744
142.823
142.912
143.082
143.303
143.599
143.905
144.211
144.598
144.981
145.339
145.652
145.879
146.164
146.42
146.718
147.031
147.457
147.937
148.446
148.879
149.322
149.694
150.042
150.455
150.846
151.08
151.275
151.532
151.722
151.916
152.109
152.374
152.633
152.835
153.046
153.234
153.482
153.667
153.856
154.051
154.205
154.432
154.71
154.981
155.262
155.641
155.976
156.334
156.72
157.084
157.43
157.742
158.087
158.421
158.686
158.95
159.243
159.494
159.639
159.698
159.805
159.943
160.117
160.324
160.43
160.498
160.601
160.733
160.883
161.016
161.174
161.382
161.579
161.817
162.03
162.165
162.3
162.433
162.627
162.761
162.922
163.148
163.368
163.575
163.749
163.97
164.179
164.379
164.522
164.598
164.71
164.853
165.044
165.317
165.531
165.824
166.034
166.18
166.329
166.445
166.619
166.912
167.216
167.483
167.832
168.102
168.396
168.648
168.907
169.294
169.775
170.25
170.735
171.223
171.666
172.115
172.53
172.988
173.45
173.827
174.151
174.465
174.807
175.171
175.551
175.87
176.21
176.571
176.91
177.212
177.495
177.779
178.132
178.457
178.7
178.895
179.101
179.305
179.595
179.806
180.024
180.238
180.446
180.603
180.732
180.934
181.11
181.23
181.294
181.36
181.422
181.452
181.495
181.609
181.638
181.718
181.774
181.88
182.026
182.137
182.226
182.236
182.317
182.45
182.494
182.592
182.754
183.081
183.415
183.747
184.187
184.596
185.035
185.422
185.816
186.229
186.713
187.191
187.648
188.075
188.528
188.888
189.221
189.48
189.787
190.019
190.219
190.403
190.492
190.709
190.846
190.905
190.946
190.937
190.936
190.94
190.868
190.759
190.702
190.666
190.596
190.427
190.336
190.216
190.099
190.044
190.026
190.029
190.033
190.103
190.267
190.416
190.63
190.797
190.939
191.071
191.265
191.467
191.678
191.802
191.926
192.165
192.339
192.405
192.392
192.428
192.36
192.366
192.48
192.494
192.569
192.631
192.709
192.866
193.063
193.298
193.532
193.737
194.002
194.254
194.485
194.733
194.913
195.116
195.283
195.489
195.731
195.759
195.774
195.83
195.944
196.003
196.122
196.154
196.153
196.165
196.197
196.302
196.399
196.479
196.659
196.844
197.043
197.225
197.408
197.561
197.706
197.859
198.039
198.276
198.575
198.901
199.252
199.553
199.896
200.201
200.386
200.419
200.423
200.416
200.403
200.521
200.622

0
1.95334e-05
0.000100625
0.000274241
0.000577395
0.00105639
0.00172382
0.00259472
0.00370485
0.00511214
0.00678249
0.00877969
0.0111297
0.0138593
0.017086
0.0208375
0.0250434
0.0297071
0.0350741
0.0410972
0.0477092
0.0548863
0.0627432
0.0712994
0.0805931
0.0907191
0.101585
0.113346
0.125928
0.139176
0.153111
0.167723
0.183083
0.199548
0.216871
0.23504
0.253862
0.273501
0.294136
0.315789
0.338143
0.361751
0.386424
0.411787
0.437614
0.464321
0.491906
0.520426
0.549844
0.58045
0.612682
0.64568
0.679556
0.714518
0.750149
0.786774
0.823988
0.861626
0.900191
0.939897
0.981089
1.02385
1.0675
1.11205
1.15736
1.20459
1.2534
1.30344
1.3541
1.40545
1.45768
1.51138
1.56626
1.62283
1.68002
1.73809
1.79811
1.85875
1.92019
1.98248
2.04518
2.10888
2.1742
2.24074
2.30897
2.37824
2.44831
2.51889
2.5897
2.66161
2.73444
2.80735
2.88134
2.95724
3.0337
3.11148
3.19156
3.2739
3.35743
3.44372
3.53168
3.62039
3.71103
3.80272
3.89559
3.99161
4.08721
4.18318
4.27923
4.37573
4.47186
4.56764
4.66342
4.76157
4.86186
4.96226
5.06357
5.16449
5.2663
5.37069
5.4739
5.57735
5.68246
5.78729
5.89282
5.99924
6.10628
6.21361
6.32028
6.42828
6.53691
6.64621
6.75459
6.86427
6.9743
7.08297
7.19327
7.30403
7.41568
7.5273
7.63983
7.75389
7.86847
7.98387
8.09869
8.2129
8.32785
8.4431
8.55848
8.67609
8.79565
8.91703
9.03908
9.16025
9.27988
9.39931
9.51907
9.63717
9.7553
9.87474
9.99553
10.118
10.2421
10.3662
10.4904
10.6128
10.7365
10.8621
10.9848
11.1065
11.231
11.3584
11.4888
11.6199
11.7521
11.8825
12.018
12.1535
12.2892
12.4268
12.5666
12.7073
12.8477
12.9913
13.1369
13.2828
13.4311
13.5808
13.7309
13.8854
14.0408
14.1957
14.3524
14.511
14.6704
14.8319
14.9923
15.152
15.3141
15.476
15.6375
15.8001
15.9637
16.1281
16.2906
16.4532
16.6162
16.777
16.9394
17.1046
17.2689
17.4327
17.5973
17.7628
17.929
18.098
18.2651
18.4349
18.6084
18.7813
18.9549
19.1298
19.3041
19.4818
19.6576
19.8345
20.0099
20.1838
20.3588
20.5319
20.7066
20.8828
21.0596
21.2367
21.4125
21.5878
21.7607
21.9348
22.1081
22.2834
22.4593
22.6378
22.8193
23.0037
23.1851
23.371
23.5584
23.7467
23.9397
24.1369
24.333
24.5276
24.7236
24.9181
25.1106
25.3029
25.4967
25.6898
25.8816
26.0715
26.2604
26.4471
26.6328
26.8194
27.0032
27.1895
27.3765
27.5653
27.7543
27.9397
28.1279
28.3142
28.5006
28.688
28.8729
29.0564
29.242
29.4291
29.6198
29.813
30.0054
30.1958
30.3878
30.5808
30.7762
30.9725
31.1703
31.369
31.5635
31.7605
31.9617
32.1635
32.3681
32.5734
32.7799
32.9902
33.1985
33.4056
33.6111
33.8171
34.0204
34.2228
34.4208
34.6216
34.8229
35.0231
35.2221
35.422
35.6188
35.8162
36.0118
36.203
36.3938
36.5863
36.7804
36.9699
37.1608
37.3565
37.5511
37.7458
37.9429
38.139
38.3358
38.5265
38.7205
38.9164
39.1147
39.3164
39.5153
39.7142
39.9147
40.1126
40.3102
40.5034
40.6968
40.8845
41.0777
41.2701
41.4639
41.6556
41.8502
42.0482
42.2485
42.4479
42.6473
42.8476
43.0487
43.2495
43.444
43.6359
43.8307
44.0246
44.2164
44.4124
44.6075
44.7994
44.9888
45.1766
45.3689
45.5636
45.7588
45.9568
46.157
46.3582
46.5601
46.7613
46.9632
47.1668
47.3681
47.5699
47.7751
47.9807
48.1835
48.3866
48.5866
48.7856
48.9842
49.1825
49.3791
49.575
49.7751
49.9712
50.1699
50.3695
50.5681
50.7635
50.9626
51.1629
51.3628
51.5621
51.7648
51.9652
52.1659
52.365
52.5629
52.7646
52.9681
53.1735
53.3813
53.5875
53.7953
54.0035
54.2133
54.4191
54.6285
54.8398
55.0558
55.2734
55.493
55.7119
55.9312
56.1502
56.3676
56.584
56.8005
57.0233
57.2411
57.4615
57.6815
57.9059
58.1301
58.3519
58.5727
58.7929
59.0154
59.2322
59.4479
59.6629
59.8758
60.0871
60.2976
60.5048
60.7159
60.9214
61.1256
61.334
61.5407
61.744
61.9504
62.1587
62.3716
62.5811
62.7943
63.008
63.2191
63.4296
63.6381
63.8442
64.0463
64.2502
64.4546
64.6533
64.8548
65.0588
65.2594
65.4603
65.6617
65.8635
66.0604
66.2569
66.4565
66.6583
66.8584
67.0576
67.2598
67.462
67.6651
67.8647
68.0603
68.2535
68.4522
68.6495
68.8547
69.0583
69.2567
69.4541
69.6487
69.8457
70.0431
70.2327
70.4219
70.6147
70.7962
70.9809
71.1651
71.3518
71.5412
71.731
71.9228
72.1202
72.3186
72.5181
72.7187
72.9185
73.116
73.3129
73.5092
73.7069
73.9044
74.0981
74.2905
74.4768
74.6721
74.8687
75.0663
75.2653
75.4689
75.6752
75.8782
76.0808
76.2854
76.4886
76.6923
76.9004
77.1119
77.3293
77.5452
77.7619
77.9791
78.1953
78.4102
78.6264
78.8411
79.0568
79.2769
79.4982
79.7157
79.9283
80.1442
80.3551
80.5656
80.7786
80.9976
81.2141
81.4234
81.6286
81.8329
82.0358
82.2291
82.4264
82.6248
82.8276
83.028
83.2322
83.4319
83.6323
83.833
84.0321
84.236
84.4441
84.6512
84.8555
85.0611
85.2704
85.4777
85.6854
85.8894
86.1024
86.3114
86.5207
86.7318
86.9376
87.1469
87.3555
87.565
87.7753
87.9942
88.2138
88.4266
88.6386
88.8563
89.0737
89.2912
89.506
89.7211
89.9322
90.1456
90.3614
90.5797
90.7994
91.0205
91.2382
91.4572
91.679
91.9007
92.1252
92.3443
92.5625
92.7824
92.9949
93.2048
93.4111
93.6244
93.8415
94.0572
94.2721
94.4814
94.6929
94.9106
95.132
95.3532
95.5703
95.7827
95.9911
96.1918
96.3885
96.5892
96.7919
96.9962
97.195
97.3908
97.5905
97.7867
97.9831
98.1821
98.3826
98.5789
98.778
98.9687
99.1627
99.3519
99.5514
99.7449
99.9367
100.131
100.322
100.514
100.705
100.896
101.087
101.277
101.464
101.65
101.844
102.038
102.229
102.416
102.605
102.796
102.992
103.19
103.389
103.594
103.801
104.008
104.219
104.429
104.644
104.858
105.075
105.294
105.517
105.74
105.96
106.177
106.396
106.61
106.819
107.028
107.238
107.448
107.657
107.863
108.064
108.271
108.478
108.675
108.866
109.058
109.254
109.449
109.641
109.834
110.028
110.225
110.423
110.626
110.828
111.03
111.24
111.457
111.677
111.899
112.123
112.349
112.576
112.804
113.033
113.259
113.49
113.723
113.955
114.19
114.422
114.645
114.863
115.08
115.303
115.532
115.766
115.992
116.224
116.461
116.702
116.94
117.174
117.409
117.641
117.87
118.1
118.332
118.571
118.801
119.031
119.256
119.479
119.707
119.929
120.147
120.377
120.607
120.84
121.077
121.317
121.56
121.798
122.037
122.286
122.538
122.796
123.052
123.309
123.56
123.809
124.057
124.302
124.551
124.809
125.071
125.331
125.591
125.853
126.11
126.36
126.609
126.864
127.12
127.372
127.619
127.877
128.126
128.375
128.623
128.867
129.103
129.342
129.577
129.81
130.052
130.291
130.529
130.766
131
131.237
131.477
131.723
131.975
132.234
132.49
132.746
133.006
133.271
133.53
133.795
134.066
134.333
134.597
134.86
135.121
135.372
135.628
135.882
136.138
136.393
136.654
136.917
137.174
137.438
137.699
137.967
138.237
138.506
138.781
139.048
139.312
139.569
139.821
140.07
140.331
140.59
140.846
141.104
141.364
141.628
141.898
142.169
142.438
142.711
142.987
143.263
143.541
143.816
144.084
144.346
144.614
144.878
145.142
145.401
145.672
145.933
146.194
146.451
146.698
146.945
147.185
147.418
147.661
147.902
148.141
148.378
148.618
148.855
149.088
149.326
149.562
149.794
150.021
150.249
150.472
150.695
150.924
151.153
151.39
151.616
151.849
152.079
152.311
152.54
152.765
152.992
153.216
153.444
153.681
153.916
154.15
154.379
154.602
154.821
155.039
155.259
155.488
155.709
155.932
156.157
156.377
156.608
156.844
157.072
157.308
157.55
157.792
158.033
158.285
158.53
158.771
159.008
159.247
159.476
159.704
159.932
160.159
160.384
160.605
160.833
161.058
161.271
161.484
161.702
161.918
162.136
162.352
162.575
162.791
163.01
163.229
163.448
163.663
163.881
164.102
164.327
164.549
164.778
165.012
165.251
165.485
165.715
165.948
166.178
166.408
166.639
166.875
167.115
167.358
167.602
167.843
168.088
168.336
168.593
168.847
169.091
169.332
169.576
169.822
170.063
170.299
170.529
170.767
171.012
171.251
171.484
171.726
171.962
172.196
172.436
172.682
172.928
173.173
173.415
173.644
173.87
174.086
174.299
174.511
174.718
174.916
175.113
175.306
175.499
175.694
175.898
176.101
176.306
176.509
176.717
176.922
177.136
177.345
177.553
177.762
177.967
178.172
178.384
178.593
178.801
179.008
179.209
179.412
179.609
179.799
179.991
180.18
180.374
180.577
180.788
181.002
181.22
181.446
181.674
181.901
182.131
182.359
182.585
182.81
183.029
183.246
183.452
183.648
183.853
184.059
184.264
184.468
184.67
184.879
185.093
185.304
185.512
185.721
185.926
186.133
186.34

0
2.0031e-07
1.00336e-06
2.68437e-06
5.55353e-06
1.00474e-05
1.62473e-05
2.49328e-05
3.60651e-05
5.04525e-05
6.80479e-05
8.98923e-05
0.000115993
0.000146785
0.000182331
0.00022237
0.000269429
0.000322796
0.000383465
0.000452649
0.000530125
0.000615034
0.00070965
0.000812275
0.000924474
0.00104724
0.00118033
0.00132456
0.00148035
0.00164461
0.00182147
0.00201384
0.00222205
0.00244499
0.00267954
0.00292747
0.00319429
0.00347248
0.00376703
0.00407777
0.00440533
0.00475057
0.00511492
0.00549817
0.00589706
0.00631779
0.00675133
0.00720512
0.0076719
0.00816275
0.00866768
0.00919549
0.00974145
0.0103089
0.0109015
0.0115138
0.012149
0.0128085
0.0134926
0.0142057
0.0149386
0.0156903
0.0164556
0.0172476
0.0180657
0.018907
0.0197764
0.0206706
0.0215859
0.0225304
0.0235127
0.024534
0.0255882
0.0266734
0.0277822
0.0289254
0.0300928
0.0312806
0.0324983
0.0337382
0.0349997
0.0362918
0.0376204
0.0389916
0.0403935
0.0418256
0.0433135
0.0448281
0.0463758
0.0479648
0.0495939
0.0512598
0.0529601
0.0546863
0.0564362
0.0582118
0.0600273
0.0618631
0.063748
0.0656621
0.067608
0.0696055
0.0716413
0.073696
0.0757899
0.0779206
0.0800898
0.0822941
0.0845316
0.0868124
0.0891551
0.0915384
0.0939598
0.096409
0.0989023
0.101441
0.104028
0.106667
0.109372
0.112125
0.114934
0.117786
0.120713
0.123701
0.126741
0.129816
0.132943
0.136133
0.139358
0.142618
0.145933
0.149297
0.15271
0.156165
0.15968
0.163219
0.166779
0.170389
0.174059
0.177777
0.18157
0.185443
0.189377
0.193364
0.197453
0.201591
0.205738
0.209959
0.214229
0.21857
0.222946
0.227416
0.231932
0.236502
0.241105
0.24575
0.250457
0.255226
0.260055
0.264963
0.269924
0.274946
0.280001
0.285145
0.290314
0.295521
0.300805
0.306144
0.311531
0.316988
0.322495
0.328037
0.333628
0.339258
0.344944
0.350678
0.356455
0.362314
0.368212
0.374154
0.380155
0.386225
0.39234
0.398467
0.404685
0.411001
0.417381
0.423831
0.430326
0.436918
0.443565
0.450266
0.457061
0.463917
0.470851
0.477901
0.485043
0.492287
0.49966
0.50709
0.514617
0.522185
0.529802
0.537464
0.5452
0.553025
0.560858
0.568799
0.576775
0.584794
0.592947
0.601181
0.609446
0.617812
0.626251
0.634753
0.643293
0.651901
0.660512
0.669206
0.677957
0.686744
0.695631
0.704674
0.713772
0.722901
0.732025
0.741221
0.75049
0.759849
0.769321
0.778892
0.788623
0.798452
0.808383
0.81836
0.828458
0.838623
0.848884
0.859269
0.869731
0.880287
0.890857
0.90152
0.912267
0.923073
0.933952
0.944977
0.956051
0.967244
0.978551
0.98994
1.0014
1.01289
1.02445
1.03616
1.04795
1.05977
1.07165
1.08358
1.09563
1.10775
1.11994
1.13222
1.14454
1.15686
1.16924
1.18169
1.19415
1.20664
1.21913
1.23163
1.24426
1.25696
1.26982
1.2828
1.29591
1.30911
1.32238
1.33573
1.34929
1.36293
1.3766
1.39033
1.40411
1.41797
1.43193
1.44597
1.46017
1.47445
1.48882
1.50329
1.51783
1.53245
1.54714
1.56189
1.57679
1.59179
1.60696
1.62219
1.63751
1.65289
1.66845
1.68417
1.69994
1.71576
1.73167
1.74759
1.76365
1.7799
1.79623
1.81266
1.82914
1.84575
1.86253
1.87932
1.89622
1.91322
1.93035
1.94755
1.96479
1.98218
1.99966
2.01721
2.03487
2.05265
2.07054
2.08859
2.10662
2.12477
2.14304
2.16135
2.17967
2.19802
2.21638
2.23492
2.25352
2.27225
2.29107
2.30996
2.32893
2.34803
2.36728
2.3866
2.40596
2.42537
2.44489
2.4644
2.48392
2.50343
2.52307
2.54286
2.56275
2.58265
2.6028
2.62299
2.64328
2.66368
2.68413
2.70481
2.72556
2.74634
2.76719
2.78817
2.80917
2.83031
2.85154
2.87285
2.89424
2.91568
2.93726
2.95901
2.98085
3.00286
3.02499
3.04719
3.06956
3.09197
3.11441
3.13679
3.15915
3.18158
3.20414
3.22681
3.24968
3.27257
3.29546
3.31851
3.34155
3.36486
3.38838
3.41198
3.43566
3.45935
3.48301
3.50689
3.53089
3.55494
3.57906
3.60317
3.62744
3.65181
3.67631
3.70091
3.72567
3.75054
3.77546
3.80047
3.82552
3.85054
3.87576
3.90104
3.92638
3.95193
3.97773
4.00359
4.02955
4.05588
4.08221
4.10871
4.13539
4.16223
4.1891
4.21612
4.24323
4.27037
4.29762
4.32498
4.35246
4.38008
4.40776
4.43551
4.46348
4.49151
4.5196
4.54757
4.57567
4.60383
4.63211
4.66043
4.68887
4.71736
4.74586
4.77443
4.80299
4.83176
4.86057
4.88941
4.91828
4.94728
4.9765
5.00592
5.03548
5.06529
5.09525
5.12539
5.15556
5.18583
5.21625
5.24667
5.27711
5.30748
5.33782
5.36829
5.39869
5.42909
5.45951
5.49007
5.52071
5.55125
5.5819
5.6127
5.64368
5.67487
5.70605
5.73731
5.7687
5.80015
5.8316
5.86325
5.89509
5.92711
5.9594
5.99185
6.02438
6.05699
6.08956
6.1223
6.15515
6.18826
6.22149
6.25471
6.28832
6.32219
6.356
6.39002
6.42418
6.4584
6.49261
6.52691
6.56129
6.59571
6.63
6.66441
6.6989
6.7335
6.76818
6.80308
6.83807
6.87313
6.90839
6.94389
6.97945
7.01524
7.05116
7.08717
7.12338
7.15965
7.1959
7.23218
7.26846
7.30498
7.34164
7.37831
7.41495
7.4518
7.48898
7.52617
7.56349
7.60108
7.63904
7.67721
7.71572
7.75427
7.79292
7.83169
7.87056
7.90936
7.94819
7.9868
8.02534
8.06407
8.10304
8.14216
8.18135
8.22047
8.2598
8.29914
8.33833
8.37765
8.41703
8.45644
8.49578
8.53509
8.57461
8.61404
8.65358
8.6932
8.7329
8.7728
8.81264
8.85271
8.89292
8.93328
8.97381
9.01433
9.05487
9.0955
9.13602
9.17667
9.21727
9.25793
9.29895
9.33999
9.3812
9.42235
9.46356
9.50476
9.54626
9.58788
9.62967
9.67156
9.71351
9.75573
9.79813
9.84071
9.88346
9.92629
9.96933
10.0126
10.0561
10.0996
10.1431
10.1867
10.2304
10.2746
10.3188
10.3631
10.407
10.451
10.4948
10.5387
10.5828
10.6269
10.6711
10.7155
10.7599
10.8045
10.8492
10.894
10.9388
10.9835
11.0284
11.0734
11.1184
11.1635
11.2085
11.2535
11.2985
11.3433
11.3881
11.433
11.4779
11.5229
11.5681
11.6132
11.6586
11.7042
11.75
11.7959
11.8418
11.8876
11.9335
11.9795
12.0256
12.0716
12.1177
12.1637
12.2098
12.2563
12.3029
12.3497
12.3965
12.4434
12.4906
12.5381
12.5854
12.6326
12.6803
12.7279
12.7756
12.8234
12.8712
12.9194
12.9676
13.0161
13.0649
13.1138
13.1628
13.2121
13.2613
13.3108
13.3604
13.4101
13.46
13.5098
13.5597
13.6099
13.6605
13.7112
13.762
13.8129
13.8638
13.9146
13.9656
14.0165
14.0675
14.1186
14.1697
14.2206
14.2719
14.3232
14.3745
14.4261
14.4778
14.5297
14.5817
14.6335
14.6854
14.7371
14.7889
14.8409
14.8931
14.9452
14.9973
15.0493
15.1012
15.1533
15.2053
15.2577
15.3103
15.3628
15.4153
15.4677
15.5203
15.573
15.6258
15.679
15.7325
15.786
15.8395
15.893
15.9467
16.0007
16.0545
16.1084
16.1622
16.216
16.2701
16.324
16.3778
16.4317
16.4855
16.5395
16.5935
16.6476
16.7017
16.756
16.81
16.8641
16.9181
16.9717
17.0254
17.0792
17.133
17.1869
17.2407
17.2949
17.3492
17.4036
17.458
17.5124
17.5667
17.6208
17.6751
17.7293
17.7835
17.8376
17.8919
17.9459
17.9999
18.0541
18.1085
18.1633
18.2182
18.2728
18.3277
18.3828
18.4381
18.4935
18.5489
18.6043
18.66
18.7157
18.7715
18.8273
18.883
18.939
18.9955
19.0522
19.1089
19.1656
19.2226
19.2799
19.3372
19.3945
19.4517
19.5089
19.5663
19.6237
19.6809
19.7382
19.7958
19.8535
19.9113
19.9689
20.0266
20.0839
20.1413
20.1986
20.2561
20.3137
20.3714
20.4292
20.487
20.5448
20.6024
20.6602
20.7182
20.7763
20.8342
20.8921
20.9503
21.0085
21.0669
21.1251
21.1832
21.2414
21.2993
21.3569
21.4145
21.472
21.5295
21.587
21.6445
21.702
21.7598
21.8174
21.8753
21.933
21.991
22.0489
22.1073
22.1655
22.2236
22.282
22.3407
22.3988
22.457
22.5151
22.5734
22.6314
22.6892
22.7469
22.8046
22.8623
22.9202
22.978
23.0362
23.0945
23.1529
23.2114
23.2702
23.3292
23.3879
23.4468
23.5056
23.5647
23.6239
23.6829
23.7421
23.8016
23.8612
23.921
23.9808
24.0409
24.101
24.1612
24.2216
24.2821
24.3424
24.403
24.4638
24.5248
24.5859
24.6474
24.7089
24.7708
24.8328
24.8947
24.9571
25.0196
25.083
25.1462
25.2096
25.2731
25.3367
25.4004
25.4642
25.5281
25.5921
25.6565
25.7209
25.7856
25.8506
25.9153
25.9801
26.0449
26.1092
26.1737
26.2381
26.3027
26.3677
26.4326
26.4978
26.5628
26.6276
26.6924
26.7577
26.8231
26.8887
26.9543
27.0201
27.0857
27.1508
27.2164
27.2825
27.3488
27.4149
27.4813
27.5478
27.6145
27.681
27.7476
27.8145
27.8815
27.9484
28.0152
28.0818
28.1485
28.2146
28.2806
28.347
28.4133
28.4798
28.5465
28.6133
28.6803
28.7473
28.8144
28.8816
28.9489
29.0164
29.0842
29.1519
29.2196
29.2874
29.3555
29.4234
29.4912
29.5593
29.6277
29.6959
29.764
29.8324
29.9014
29.9708
30.0404
30.1102
30.1797
30.2493
30.3185
30.3877
30.4572
30.527
30.5971
30.6675
30.7381
30.8085
30.8792
30.9495
31.02
31.0905
31.1612
31.2321
31.303
31.3731
31.4433
31.5139
31.5843
31.6549
31.7257
31.7961
31.8667
31.9376
32.0084
32.0797
32.1512
32.2227
32.2942
32.366
32.4377
32.5095
32.5815
32.6536
32.7258
32.7984
32.8709
32.9435
33.0163
33.0892
33.1617
33.2339
33.3063
33.3786
33.4514
33.5238
33.5965
33.6694
33.7423

